        1        1       32      5.4722      5.4722        7.2861481211    0.2414489941E-04
        1        1       32      5.4722      5.4722        7.3934926313    0.6875307368E+03
        1        1       32      5.4722      5.4722        7.3935776258    0.3437225998E+03
        1        1       32      5.4722      5.4723        7.3937189660    0.2291027324E+03
        1        1       32      5.4722      5.4723        7.3939124771    0.1717768935E+03
        1        1       32      5.4722      5.4724        7.3941642868    0.1373724127E+03
        1        1       32      5.4722      5.4724        7.3944669592    0.1144265970E+03
        1        1       32      5.4722      5.4725        7.3948245893    0.9802934294E+02
        1        1       32      5.4722      5.4727        7.3952325918    0.8572545534E+02
        1        1       32      5.4722      5.4728        7.3956875756    0.7615064223E+02
        1        1       32      5.4722      5.4729        7.3961894781    0.6848646732E+02
        1        1       32      5.4722      5.4731        7.3967364697    0.6221166104E+02
        1        1       32      5.4722      5.4732        7.3973255285    0.5697968585E+02
        1        1       32      5.4722      5.4734        7.3979588507    0.5255024414E+02
        1        1       32      5.4722      5.4736        7.3986288715    0.4875039029E+02
        1        1       32      5.4722      5.4738        7.3993350716    0.4545490744E+02
        1        1       32      5.4722      5.4740        7.4000740966    0.4256963011E+02
        1        1       32      5.4722      5.4743        7.4008389263    0.4002154727E+02
        1        1       32      5.4722      5.4745        7.4016331055    0.3775519829E+02
        1        1       32      5.4722      5.4748        7.4024506219    0.3572551991E+02
        1        1       32      5.4722      5.4751        7.4032919184    0.3389740660E+02
        1        1       32      5.4722      5.4754        7.4041516185    0.3224180447E+02
        1        1       32      5.4722      5.4757        7.4050247023    0.3073511091E+02
        1        1       32      5.4722      5.4760        7.4059126041    0.2935806221E+02
        1        1       32      5.4722      5.4764        7.4068084412    0.2809418019E+02
        1        1       32      5.4722      5.4767        7.4077136327    0.2693017707E+02
        1        1       32      5.4722      5.4771        7.4086225322    0.2585422669E+02
        1        1       32      5.4722      5.4775        7.4095339768    0.1768831587E+02
        1        1       32      5.4722      5.4778        7.4056178893    0.1705164502E+02
        1        1       32      5.4722      5.4783        7.3968698013    0.3171708250E+01
        1        1       32      5.4722      5.4787        7.3878835597    0.3354156720E+01
        1        1       32      5.4722      5.4791        7.3786560943    0.3537578062E+01
        1        1       32      5.4722      5.4796        7.3691934048    0.3721345256E+01
        1        1       32      5.4722      5.4800        7.3594966691    0.3905074410E+01
        1        1       32      5.4722      5.4805        7.3495696349    0.4088144801E+01
        1        1       32      5.4722      5.4810        7.3394190864    0.4270194343E+01
        1        1       32      5.4722      5.4815        7.3290555966    0.4450594767E+01
        1        1       32      5.4722      5.4820        7.3184682914    0.4628883748E+01
        1        1       32      5.4722      5.4825        7.3076724671    0.4804670478E+01
        1        1       32      5.4722      5.4831        7.2966781014    0.4977430534E+01
        1        1       32      5.4722      5.4836        7.2854969621    0.5146790834E+01
        1        1       32      5.4722      5.4842        7.2741220189    0.3922124438E+01
        1        1       32      5.4722      5.4848        7.2662660388    0.4022634711E+01
        1        1       32      5.4722      5.4854        7.2655199468    0.1508510372E+01
        1        1       32      5.4722      5.4860        7.2647604210    0.1474066309E+01
        1        1       32      5.4722      5.4866        7.2639856543    0.1446013926E+01
        1        1       32      5.4722      5.4873        7.2631968881    0.1424651261E+01
        1        1       32      5.4722      5.4879        7.2623925374    0.1410105123E+01
        1        1       32      5.4722      5.4886        7.2615682937    0.1402520190E+01
        1        1       32      5.4722      5.4892        7.2607221623    0.1401894337E+01
        1        1       32      5.4722      5.4899        7.2598578660    0.1408246138E+01
        1        1       32      5.4722      5.4892        7.2607221623    0.1401894337E+01
        1        1       32      5.4722      5.4886        7.2615682937    0.1402520190E+01
        1        1       32      5.4722      5.4879        7.2623925374    0.1410105123E+01
        1        1       32      5.4722      5.4873        7.2631968881    0.1424651261E+01
        1        1       32      5.4722      5.4866        7.2639856543    0.1446013926E+01
        1        1       32      5.4722      5.4860        7.2647604210    0.1474066309E+01
        1        1       32      5.4722      5.4854        7.2655199468    0.1508510372E+01
        1        1       32      5.4722      5.4848        7.2662660388    0.4022634711E+01
        1        1       32      5.4722      5.4842        7.2741220189    0.3922124438E+01
        1        1       32      5.4722      5.4836        7.2854969621    0.5146790834E+01
        1        1       32      5.4722      5.4831        7.2966781014    0.4977430534E+01
        1        1       32      5.4722      5.4825        7.3076724671    0.4804670478E+01
        1        1       32      5.4722      5.4820        7.3184682914    0.4628883748E+01
        1        1       32      5.4722      5.4815        7.3290555966    0.4450594767E+01
        1        1       32      5.4722      5.4810        7.3394190864    0.4270194343E+01
        1        1       32      5.4722      5.4805        7.3495696349    0.4088144801E+01
        1        1       32      5.4722      5.4800        7.3594966691    0.3905074410E+01
        1        1       32      5.4722      5.4796        7.3691934048    0.3721345256E+01
        1        1       32      5.4722      5.4791        7.3786560943    0.3537578062E+01
        1        1       32      5.4722      5.4787        7.3878835597    0.3354156720E+01
        1        1       32      5.4722      5.4783        7.3968698013    0.3171708250E+01
        1        1       32      5.4722      5.4778        7.4056178893    0.1705164502E+02
        1        1       32      5.4722      5.4775        7.4095339768    0.1768831587E+02
        1        1       32      5.4722      5.4771        7.4086225322    0.2585422669E+02
        1        1       32      5.4722      5.4767        7.4077136327    0.2693017707E+02
        1        1       32      5.4722      5.4764        7.4068084412    0.2809418019E+02
        1        1       32      5.4722      5.4760        7.4059126041    0.2935806221E+02
        1        1       32      5.4722      5.4757        7.4050247023    0.3073511091E+02
        1        1       32      5.4722      5.4754        7.4041516185    0.3224180447E+02
        1        1       32      5.4722      5.4751        7.4032919184    0.3389740660E+02
        1        1       32      5.4722      5.4748        7.4024506219    0.3572551991E+02
        1        1       32      5.4722      5.4745        7.4016331055    0.3775519829E+02
        1        1       32      5.4722      5.4743        7.4008389263    0.4002154727E+02
        1        1       32      5.4722      5.4740        7.4000740966    0.4256963011E+02
        1        1       32      5.4722      5.4738        7.3993350716    0.4545490744E+02
        1        1       32      5.4722      5.4736        7.3986288715    0.4875039029E+02
        1        1       32      5.4722      5.4734        7.3979588507    0.5255024414E+02
        1        1       32      5.4722      5.4732        7.3973255285    0.5697968585E+02
        1        1       32      5.4722      5.4731        7.3967364697    0.6221166104E+02
        1        1       32      5.4722      5.4729        7.3961894781    0.6848646732E+02
        1        1       32      5.4722      5.4728        7.3956875756    0.7615064223E+02
        1        1       32      5.4722      5.4727        7.3952325918    0.8572545534E+02
        1        1       32      5.4722      5.4725        7.3948245893    0.9802934294E+02
        1        1       32      5.4722      5.4724        7.3944669592    0.1144265970E+03
        1        1       32      5.4722      5.4724        7.3941642868    0.1373724127E+03
        1        1       32      5.4722      5.4723        7.3939124771    0.1717768935E+03
        1        1       32      5.4722      5.4723        7.3937189660    0.2291027324E+03
        1        1       32      5.4722      5.4722        7.3935776258    0.3437225998E+03
        1        1       32      5.4722      5.4722        7.3934926313    0.6875307368E+03
        1        1       32      5.4722      5.4722        7.2861481211    0.2414489941E-04
        1        1       32      5.4722      5.4722        7.2860812886    0.6904397087E-02
        1        1       32      5.4722      5.4723        7.2858832116    0.1421789460E-01
        1        1       32      5.4722      5.4726        7.2855556276    0.2231596846E-01
        1        1       32      5.4722      5.4728        7.2851001917    0.3152604277E-01
        1        1       32      5.4722      5.4732        7.2845164212    0.4211132313E-01
        1        1       32      5.4722      5.4737        7.2838078229    0.5428312656E-01
        1        1       32      5.4722      5.4742        7.2829768411    0.6821278651E-01
        1        1       32      5.4722      5.4748        7.2820241948    0.8403015437E-01
        1        1       32      5.4722      5.4755        7.2809569650    0.1018457578E+00
        1        1       32      5.4722      5.4762        7.2797757976    0.1217551619E+00
        1        1       32      5.4722      5.4771        7.2784846708    0.1438264486E+00
        1        1       32      5.4722      5.4780        7.2770856294    0.1681253103E+00
        1        1       32      5.4722      5.4790        7.2755887230    0.1947008894E+00
        1        1       32      5.4722      5.4801        7.2739906839    0.2235900675E+00
        1        1       32      5.4722      5.4813        7.2722989315    0.2548184992E+00
        1        1       32      5.4722      5.4826        7.2705163282    0.2884049269E+00
        1        1       32      5.4722      5.4839        7.2686512357    0.3243675238E+00
        1        1       32      5.4722      5.4853        7.2667048875    0.3627162711E+00
        1        1       32      5.4722      5.4868        7.2646819537    0.4034422717E+00
        1        1       32      5.4722      5.4884        7.2625857828    0.4466012308E+00
        1        1       32      5.4722      5.4900        7.2604198231    0.4922889454E+00
        1        1       32      5.4722      5.4917        7.2581904783    0.5408046761E+00
        1        1       32      5.4722      5.4935        7.2559034190    0.5931291028E+00
        1        1       32      5.4722      5.4954        7.2535573561    0.6539853309E+00
        1        1       32      5.4722      5.4973        7.2511625254    0.8396641694E+00
        1        1       32      5.4722      5.4977        7.2487196527    0.6429652406E+00
        1        1       32      5.4722      5.4979        7.2462299618    0.6450482953E+00
        1        1       32      5.4722      5.4981        7.2437022282    0.6582775859E+00
        1        1       32      5.4722      5.4983        7.2411361966    0.6738570410E+00
        1        1       32      5.4722      5.4985        7.2385377438    0.6901361275E+00
        1        1       32      5.4722      5.4987        7.2359093813    0.7065930065E+00
        1        1       32      5.4722      5.4989        7.2332563929    0.7230031273E+00
        1        1       32      5.4722      5.4991        7.2305820040    0.7392580953E+00
        1        1       32      5.4722      5.4994        7.2278851637    0.7553047900E+00
        1        1       32      5.4722      5.4996        7.2251732879    0.5957122771E+00
        1        1       32      5.4722      5.4998        7.2224485449    0.6065508143E+00
        1        1       32      5.4722      5.5001        7.2197124153    0.6174119679E+00
        1        1       32      5.4722      5.5004        7.2169722172    0.6282295651E+00
        1        1       32      5.4722      5.5006        7.2142253508    0.6389754099E+00
        1        1       32      5.4722      5.5009        7.2132190644    0.6496105227E+00
        1        1       32      5.4722      5.5012        7.2125391027    0.6601234781E+00
        1        1       32      5.4722      5.5015        7.2118656735    0.6704971878E+00
        1        1       32      5.4722      5.5018        7.2111987195    0.6807189560E+00
        1        1       32      5.4722      5.5021        7.2105407632    0.3784949983E+00
        1        1       32      5.4722      5.5025        7.2098877469    0.3838160432E+00
        1        1       32      5.4722      5.5028        7.2092425949    0.3892000316E+00
        1        1       32      5.4722      5.5031        7.2086048308    0.3946307312E+00
        1        1       32      5.4722      5.5035        7.2079754853    0.4000961288E+00
        1        1       32      5.4722      5.5038        7.2073564049    0.4055863568E+00
        1        1       32      5.4722      5.5042        7.2067485751    0.4110902028E+00
        1        1       32      5.4722      5.5038        7.2073564049    0.4055863568E+00
        1        1       32      5.4722      5.5035        7.2079754853    0.4000961288E+00
        1        1       32      5.4722      5.5031        7.2086048308    0.3946307312E+00
        1        1       32      5.4722      5.5028        7.2092425949    0.3892000316E+00
        1        1       32      5.4722      5.5025        7.2098877469    0.3838160432E+00
        1        1       32      5.4722      5.5021        7.2105407632    0.3784949983E+00
        1        1       32      5.4722      5.5018        7.2111987195    0.6807189560E+00
        1        1       32      5.4722      5.5015        7.2118656735    0.6704971878E+00
        1        1       32      5.4722      5.5012        7.2125391027    0.6601234781E+00
        1        1       32      5.4722      5.5009        7.2132190644    0.6496105227E+00
        1        1       32      5.4722      5.5006        7.2142253508    0.6389754099E+00
        1        1       32      5.4722      5.5004        7.2169722172    0.6282295651E+00
        1        1       32      5.4722      5.5001        7.2197124153    0.6174119679E+00
        1        1       32      5.4722      5.4998        7.2224485449    0.6065508143E+00
        1        1       32      5.4722      5.4996        7.2251732879    0.5957122771E+00
        1        1       32      5.4722      5.4994        7.2278851637    0.7553047900E+00
        1        1       32      5.4722      5.4991        7.2305820040    0.7392580953E+00
        1        1       32      5.4722      5.4989        7.2332563929    0.7230031273E+00
        1        1       32      5.4722      5.4987        7.2359093813    0.7065930065E+00
        1        1       32      5.4722      5.4985        7.2385377438    0.6901361275E+00
        1        1       32      5.4722      5.4983        7.2411361966    0.6738570410E+00
        1        1       32      5.4722      5.4981        7.2437022282    0.6582775859E+00
        1        1       32      5.4722      5.4979        7.2462299618    0.6450482953E+00
        1        1       32      5.4722      5.4977        7.2487196527    0.6429652406E+00
        1        1       32      5.4722      5.4973        7.2511625254    0.8396641694E+00
        1        1       32      5.4722      5.4954        7.2535573561    0.6539853309E+00
        1        1       32      5.4722      5.4935        7.2559034190    0.5931291028E+00
        1        1       32      5.4722      5.4917        7.2581904783    0.5408046761E+00
        1        1       32      5.4722      5.4900        7.2604198231    0.4922889454E+00
        1        1       32      5.4722      5.4884        7.2625857828    0.4466012308E+00
        1        1       32      5.4722      5.4868        7.2646819537    0.4034422717E+00
        1        1       32      5.4722      5.4853        7.2667048875    0.3627162711E+00
        1        1       32      5.4722      5.4839        7.2686512357    0.3243675238E+00
        1        1       32      5.4722      5.4826        7.2705163282    0.2884049269E+00
        1        1       32      5.4722      5.4813        7.2722989315    0.2548184992E+00
        1        1       32      5.4722      5.4801        7.2739906839    0.2235900675E+00
        1        1       32      5.4722      5.4790        7.2755887230    0.1947008894E+00
        1        1       32      5.4722      5.4780        7.2770856294    0.1681253103E+00
        1        1       32      5.4722      5.4771        7.2784846708    0.1438264486E+00
        1        1       32      5.4722      5.4762        7.2797757976    0.1217551619E+00
        1        1       32      5.4722      5.4755        7.2809569650    0.1018457578E+00
        1        1       32      5.4722      5.4748        7.2820241948    0.8403015437E-01
        1        1       32      5.4722      5.4742        7.2829768411    0.6821278651E-01
        1        1       32      5.4722      5.4737        7.2838078229    0.5428312656E-01
        1        1       32      5.4722      5.4732        7.2845164212    0.4211132313E-01
        1        1       32      5.4722      5.4728        7.2851001917    0.3152604277E-01
        1        1       32      5.4722      5.4726        7.2855556276    0.2231596846E-01
        1        1       32      5.4722      5.4723        7.2858832116    0.1421789460E-01
        1        1       32      5.4722      5.4722        7.2860812886    0.6904397087E-02
        1        1       32      5.4722      5.4722        7.2861481211    0.2414489941E-04
        1        1       32      5.4722      5.4722        7.3374792830    0.5119336915E+03
        1        1       32      5.4722      5.4722        7.3374981405    0.2560196388E+03
        1        1       32      5.4722      5.4723        7.3375379038    0.1707397964E+03
        1        1       32      5.4722      5.4724        7.3375929997    0.1281198123E+03
        1        1       32      5.4722      5.4724        7.3376629504    0.1025602873E+03
        1        1       32      5.4722      5.4726        7.3377501746    0.8553316989E+02
        1        1       32      5.4722      5.4727        7.3378579586    0.7338024223E+02
        1        1       32      5.4722      5.4728        7.3379819878    0.6427380387E+02
        1        1       32      5.4722      5.4730        7.3381321158    0.5720003209E+02
        1        1       32      5.4722      5.4732        7.3383030681    0.5154661054E+02
        1        1       32      5.4722      5.4734        7.3384932505    0.4692656437E+02
        1        1       32      5.4722      5.4737        7.3387132332    0.4308161408E+02
        1        1       32      5.4722      5.4739        7.3389597086    0.3983239665E+02
        1        1       32      5.4722      5.4742        7.3392335495    0.3705080187E+02
        1        1       32      5.4722      5.4745        7.3395397278    0.3464400306E+02
        1        1       32      5.4722      5.4748        7.3398769157    0.3254096059E+02
        1        1       32      5.4722      5.4751        7.3402467844    0.3068804704E+02
        1        1       32      5.4722      5.4755        7.3406559863    0.2904329506E+02
        1        1       32      5.4722      5.4758        7.3411062089    0.2757422759E+02
        1        1       32      5.4722      5.4762        7.3415961869    0.2625363979E+02
        1        1       32      5.4722      5.4766        7.3421266486    0.2506021155E+02
        1        1       32      5.4722      5.4770        7.3426989560    0.2397606885E+02
        1        1       32      5.4722      5.4774        7.3433195709    0.2298764865E+02
        1        1       32      5.4722      5.4779        7.3439889091    0.2208229918E+02
        1        1       32      5.4722      5.4783        7.3447054554    0.2125011073E+02
        1        1       32      5.4722      5.4788        7.3454732476    0.2048233795E+02
        1        1       32      5.4722      5.4793        7.3462893860    0.1977165832E+02
        1        1       32      5.4722      5.4798        7.3471612394    0.1911205509E+02
        1        1       32      5.4722      5.4803        7.3480885243    0.1849804444E+02
        1        1       32      5.4722      5.4808        7.3490721541    0.1792478547E+02
        1        1       32      5.4722      5.4813        7.3501103243    0.1738816053E+02
        1        1       32      5.4722      5.4819        7.3512095212    0.1688489770E+02
        1        1       32      5.4722      5.4825        7.3523674433    0.1641126420E+02
        1        1       32      5.4722      5.4830        7.3535836950    0.1596500480E+02
        1        1       32      5.4722      5.4836        7.3548603906    0.1554346672E+02
        1        1       32      5.4722      5.4842        7.3561948894    0.1514457963E+02
        1        1       32      5.4722      5.4848        7.3575927431    0.1476630027E+02
        1        1       32      5.4722      5.4854        7.3590504651    0.1440724121E+02
        1        1       32      5.4722      5.4860        7.3605701257    0.1406534996E+02
        1        1       32      5.4722      5.4866        7.3621506153    0.9975393904E+01
        1        1       32      5.4722      5.4873        7.3637934864    0.9774209942E+01
        1        1       32      5.4722      5.4879        7.3612869047    0.9583151507E+01
        1        1       32      5.4722      5.4885        7.3559425591    0.3431741604E+01
        1        1       32      5.4722      5.4892        7.3506434304    0.3504562103E+01
        1        1       32      5.4722      5.4899        7.3453992659    0.3575000045E+01
        1        1       32      5.4722      5.4905        7.3402069068    0.3643069686E+01
        1        1       32      5.4722      5.4912        7.3350762514    0.3708419380E+01
        1        1       32      5.4722      5.4919        7.3300165004    0.3770950324E+01
        1        1       32      5.4722      5.4925        7.3250259907    0.3830619130E+01
        1        1       32      5.4722      5.4932        7.3201116763    0.3887108346E+01
        1        1       32      5.4722      5.4925        7.3250259907    0.3830619130E+01
        1        1       32      5.4722      5.4919        7.3300165004    0.3770950324E+01
        1        1       32      5.4722      5.4912        7.3350762514    0.3708419380E+01
        1        1       32      5.4722      5.4905        7.3402069068    0.3643069686E+01
        1        1       32      5.4722      5.4899        7.3453992659    0.3575000045E+01
        1        1       32      5.4722      5.4892        7.3506434304    0.3504562103E+01
        1        1       32      5.4722      5.4885        7.3559425591    0.3431741604E+01
        1        1       32      5.4722      5.4879        7.3612869047    0.9583151507E+01
        1        1       32      5.4722      5.4873        7.3637934864    0.9774209942E+01
        1        1       32      5.4722      5.4866        7.3621506153    0.9975393904E+01
        1        1       32      5.4722      5.4860        7.3605701257    0.1406534996E+02
        1        1       32      5.4722      5.4854        7.3590504651    0.1440724121E+02
        1        1       32      5.4722      5.4848        7.3575927431    0.1476630027E+02
        1        1       32      5.4722      5.4842        7.3561948894    0.1514457963E+02
        1        1       32      5.4722      5.4836        7.3548603906    0.1554346672E+02
        1        1       32      5.4722      5.4830        7.3535836950    0.1596500480E+02
        1        1       32      5.4722      5.4825        7.3523674433    0.1641126420E+02
        1        1       32      5.4722      5.4819        7.3512095212    0.1688489770E+02
        1        1       32      5.4722      5.4813        7.3501103243    0.1738816053E+02
        1        1       32      5.4722      5.4808        7.3490721541    0.1792478547E+02
        1        1       32      5.4722      5.4803        7.3480885243    0.1849804444E+02
        1        1       32      5.4722      5.4798        7.3471612394    0.1911205509E+02
        1        1       32      5.4722      5.4793        7.3462893860    0.1977165832E+02
        1        1       32      5.4722      5.4788        7.3454732476    0.2048233795E+02
        1        1       32      5.4722      5.4783        7.3447054554    0.2125011073E+02
        1        1       32      5.4722      5.4779        7.3439889091    0.2208229918E+02
        1        1       32      5.4722      5.4774        7.3433195709    0.2298764865E+02
        1        1       32      5.4722      5.4770        7.3426989560    0.2397606885E+02
        1        1       32      5.4722      5.4766        7.3421266486    0.2506021155E+02
        1        1       32      5.4722      5.4762        7.3415961869    0.2625363979E+02
        1        1       32      5.4722      5.4758        7.3411062089    0.2757422759E+02
        1        1       32      5.4722      5.4755        7.3406559863    0.2904329506E+02
        1        1       32      5.4722      5.4751        7.3402467844    0.3068804704E+02
        1        1       32      5.4722      5.4748        7.3398769157    0.3254096059E+02
        1        1       32      5.4722      5.4745        7.3395397278    0.3464400306E+02
        1        1       32      5.4722      5.4742        7.3392335495    0.3705080187E+02
        1        1       32      5.4722      5.4739        7.3389597086    0.3983239665E+02
        1        1       32      5.4722      5.4737        7.3387132332    0.4308161408E+02
        1        1       32      5.4722      5.4734        7.3384932505    0.4692656437E+02
        1        1       32      5.4722      5.4732        7.3383030681    0.5154661054E+02
        1        1       32      5.4722      5.4730        7.3381321158    0.5720003209E+02
        1        1       32      5.4722      5.4728        7.3379819878    0.6427380387E+02
        1        1       32      5.4722      5.4727        7.3378579586    0.7338024223E+02
        1        1       32      5.4722      5.4726        7.3377501746    0.8553316989E+02
        1        1       32      5.4722      5.4724        7.3376629504    0.1025602873E+03
        1        1       32      5.4722      5.4724        7.3375929997    0.1281198123E+03
        1        1       32      5.4722      5.4723        7.3375379038    0.1707397964E+03
        1        1       32      5.4722      5.4722        7.3374981405    0.2560196388E+03
        1        1       32      5.4722      5.4722        7.3374792830    0.5119336915E+03
        1        1       32      5.4722      5.4722        7.2861481211    0.2414489941E-04
        1        1       32      5.4722      5.4725        7.2856918320    0.1921988399E-01
        1        1       32      5.4722      5.4733        7.2843421146    0.4515312031E-01
        1        1       32      5.4722      5.4747        7.2821298675    0.8227287076E-01
        1        1       32      5.4722      5.4767        7.2791103209    0.1330970763E+00
        1        1       32      5.4722      5.4792        7.2753428314    0.1991073671E+00
        1        1       32      5.4722      5.4823        7.2708998633    0.2811344781E+00
        1        1       32      5.4722      5.4859        7.2658613000    0.3795735814E+00
        1        1       32      5.4722      5.4901        7.2603043148    0.4947671876E+00
        1        1       32      5.4722      5.4948        7.2543050352    0.6330205040E+00
        1        1       32      5.4722      5.4978        7.2479385784    0.6407249030E+00
        1        1       32      5.4722      5.4983        7.2412720991    0.6730123111E+00
        1        1       32      5.4722      5.4988        7.2343763420    0.7161067515E+00
        1        1       32      5.4722      5.4994        7.2273152110    0.7586491350E+00
        1        1       32      5.4722      5.5001        7.2201447113    0.6156991516E+00
        1        1       32      5.4722      5.5008        7.2135784750    0.6440274201E+00
        1        1       32      5.4722      5.5015        7.2117952454    0.6715801555E+00
        1        1       32      5.4722      5.5024        7.2100590965    0.3824090341E+00
        1        1       32      5.4722      5.5033        7.2083704907    0.3966412709E+00
        1        1       32      5.4722      5.5042        7.2067485751    0.4110902028E+00
        1        1       32      5.4722      5.5052        7.2051932597    0.4255985515E+00
        1        1       32      5.4722      5.5063        7.2037245454    0.4400687450E+00
        1        1       32      5.4722      5.5074        7.2023489148    0.4544420515E+00
        1        1       32      5.4722      5.5086        7.2010823704    0.4686752061E+00
        1        1       32      5.4722      5.5099        7.1999268914    0.4827511134E+00
        1        1       32      5.4722      5.5112        7.1989013588    0.4966445904E+00
        1        1       32      5.4722      5.5126        7.1980214976    0.5103406803E+00
        1        1       32      5.4722      5.5140        7.1972908887    0.5238262547E+00
        1        1       32      5.4722      5.5155        7.1967297955    0.5370839260E+00
        1        1       32      5.4722      5.5171        7.1963397517    0.5500997930E+00
        1        1       32      5.4722      5.5187        7.1961336582    0.5628499513E+00
        1        1       32      5.4722      5.5203        7.1961175112    0.5753135992E+00
        1        1       32      5.4722      5.5220        7.1962943216    0.5874632042E+00
        1        1       32      5.4722      5.5238        7.1966730817    0.5992633552E+00
        1        1       32      5.4722      5.5255        7.1972606622    0.6106755561E+00
        1        1       32      5.4722      5.5274        7.1980524238    0.6216656464E+00
        1        1       32      5.4722      5.5292        7.1990508610    0.6321854416E+00
        1        1       32      5.4722      5.5311        7.2002534926    0.6421958979E+00
        1        1       32      5.4722      5.5331        7.2016537780    0.6516442381E+00
        1        1       32      5.4722      5.5350        7.2032420541    0.6604833542E+00
        1        1       32      5.4722      5.5370        7.2050146479    0.6686624669E+00
        1        1       32      5.4722      5.5390        7.2069588844    0.6761344032E+00
        1        1       32      5.4722      5.5411        7.2090640162    0.6828494403E+00
        1        1       32      5.4722      5.5432        7.2113172352    0.6887486330E+00
        1        1       32      5.4722      5.5452        7.2136910128    0.6937814163E+00
        1        1       32      5.4722      5.5474        7.2161693936    0.6979016287E+00
        1        1       32      5.4722      5.5495        7.2187366827    0.7010521891E+00
        1        1       32      5.4722      5.5517        7.2213690749    0.7031777388E+00
        1        1       32      5.4722      5.5538        7.2240455328    0.7042234949E+00
        1        1       32      5.4722      5.5560        7.2267374750    0.7041289565E+00
        1        1       32      5.4722      5.5583        7.2294245303    0.7028398602E+00
        1        1       32      5.4722      5.5605        7.2320840045    0.7002946480E+00
        1        1       32      5.4722      5.5628        7.2346926050    0.6964380494E+00
        1        1       32      5.4722      5.5651        7.2372213719    0.6912093902E+00
        1        1       32      5.4722      5.5674        7.2396548160    0.9820521696E+00
        1        1       32      5.4722      5.5697        7.2482577351    0.9684060590E+00
        1        1       32      5.4722      5.5721        7.2595296592    0.1171779837E+01
        1        1       32      5.4722      5.5745        7.2709852848    0.1151310811E+01
        1        1       32      5.4722      5.5770        7.2825950406    0.1129497280E+01
        1        1       32      5.4722      5.5795        7.2943187473    0.1106389295E+01
        1        1       32      5.4722      5.5820        7.3061212307    0.1082034774E+01
        1        1       32      5.4722      5.5846        7.3179615074    0.1056509877E+01
        1        1       32      5.4722      5.5872        7.3298099347    0.1029923225E+01
        1        1       32      5.4722      5.5899        7.3416225436    0.1002320582E+01
        1        1       32      5.4722      5.5927        7.3533758361    0.9738118545E+00
        1        1       32      5.4722      5.5955        7.3650435770    0.9444652912E+00
        1        1       32      5.4722      5.5983        7.3765812321    0.9143663414E+00
        1        1       32      5.4722      5.6012        7.3879945759    0.8836404526E+00
        1        1       32      5.4722      5.6042        7.3992386631    0.8523234293E+00
        1        1       32      5.4722      5.6072        7.4102983804    0.8205078661E+00
        1        1       32      5.4722      5.6103        7.4211531599    0.7882716052E+00
        1        1       32      5.4722      5.6135        7.4317702294    0.7556736599E+00
        1        1       32      5.4722      5.6166        7.4421435657    0.7227460837E+00
        1        1       32      5.4722      5.6199        7.4522460749    0.6895509690E+00
        1        1       32      5.4722      5.6232        7.4620547565    0.6560774494E+00
        1        1       32      5.4722      5.6265        7.4715439935    0.6223335124E+00
        1        1       32      5.4722      5.6298        7.4806989798    0.5882985646E+00
        1        1       32      5.4722      5.6332        7.4894968257    0.5539228716E+00
        1        1       32      5.4722      5.6366        7.4979058623    0.5191410577E+00
        1        1       32      5.4722      5.6400        7.5058900170    0.4838825642E+00
        1        1       32      5.4722      5.6435        7.5134147042    0.4480689502E+00
        1        1       32      5.4722      5.6469        7.5204290985    0.4116391731E+00
        1        1       32      5.4722      5.6504        7.5268786074    0.3745757351E+00
        1        1       32      5.4722      5.6538        7.5326900253    0.3369126790E+00
        1        1       32      5.4722      5.6572        7.5377864659    0.2987983440E+00
        1        1       32      5.4722      5.6606        7.5420826144    0.2605240002E+00
        1        1       32      5.4722      5.6640        7.5454523145    0.2224888080E+00
        1        1       32      5.4722      5.6673        7.5477603796    0.1852795063E+00
        1        1       32      5.4722      5.6707        7.5488774186    0.1497016319E+00
        1        1       32      5.4722      5.6739        7.5486534334    0.1166253614E+00
        1        1       32      5.4722      5.6772        7.5469400282    0.8700992222E-01
        1        1       32      5.4722      5.6804        7.5435820547    0.6172444701E-01
        1        1       32      5.4722      5.6836        7.5384331138    0.4136559981E-01
        1        1       32      5.4722      5.6867        7.5313584574    0.2575780002E-01
        1        1       32      5.4722      5.6899        7.5222428893    0.1358631179E-01
        1        1       32      5.4722      5.6929        7.5109807667    0.7843046128E+00
        1        1       32      5.4722      5.6902        7.5210484121    0.7346096995E-01
        1        1       32      5.4722      5.6881        7.5278376533    0.1383443861E+00
        1        1       32      5.4722      5.6864        7.5314644128    0.1941673650E+00
        1        1       32      5.4722      5.6852        7.5320669013    0.2398952140E+00
        1        1       32      5.4722      5.6845        7.5298300518    0.2748076339E+00
        1        1       32      5.4722      5.6843        7.5249568049    0.2986124862E+00
        1        1       32      5.4722      5.6845        7.5177466108    0.3115185395E+00
        1        1       32      5.4722      5.6853        7.5084936535    0.3145743883E+00
        1        1       32      5.4722      5.6865        7.4975383845    0.3097728654E+00
        1        1       32      5.4722      5.6883        7.4852214851    0.2999521308E+00
        1        1       32      5.4722      5.6904        7.4718300243    0.2885055027E+00
        1        1       32      5.4722      5.6931        7.4576192616    0.2787870808E+00
        1        1       32      5.4722      5.6962        7.4427845050    0.2738652635E+00
        1        1       32      5.4722      5.6997        7.4274907884    0.2769074115E+00
        1        1       32      5.4722      5.7036        7.4118840205    0.2928224781E+00
        1        1       32      5.4722      5.7080        7.3961518230    0.3311134657E+00
        1        1       32      5.4722      5.7127        7.3804882398    0.4076726078E+00
        1        1       32      5.4722      5.7177        7.3650812216    0.5413478674E+00
        1        1       32      5.4722      5.7227        7.3500356958    0.7342670188E+00
        1        1       32      5.4722      5.7277        7.3353528308    0.9354216435E+00
        1        1       32      5.4722      5.7325        7.3209127007    0.1077810535E+01
        1        1       32      5.4722      5.7374        7.3065596008    0.1161352311E+01
        1        1       32      5.4722      5.7425        7.2921539965    0.1215601606E+01
        1        1       32      5.4722      5.7479        7.2776490846    0.1259557936E+01
        1        1       32      5.4722      5.7537        7.2630984695    0.1301686541E+01
        1        1       32      5.4722      5.7598        7.2486688400    0.1345061409E+01
        1        1       32      5.4722      5.7663        7.2345869552    0.1390082440E+01
        1        1       32      5.4722      5.7731        7.2211152188    0.1435728020E+01
        1        1       32      5.4722      5.7803        7.2085032579    0.1480109663E+01
        1        1       32      5.4722      5.7879        7.1969658706    0.1520959739E+01
        1        1       32      5.4722      5.7958        7.1866413770    0.1556127824E+01
        1        1       32      5.4722      5.8041        7.1776199131    0.1584113531E+01
        1        1       32      5.4722      5.8127        7.1699076467    0.1604375323E+01
        1        1       32      5.4722      5.8217        7.1634595815    0.1617457877E+01
        1        1       32      5.4722      5.8310        7.1581784958    0.1624848459E+01
        1        1       32      5.4722      5.8406        7.1539553361    0.1628650376E+01
        1        1       32      5.4722      5.8506        7.1506649205    0.1631262352E+01
        1        1       32      5.4722      5.8609        7.1481865882    0.1634950381E+01
        1        1       32      5.4722      5.8715        7.1463878358    0.1641679252E+01
        1        1       32      5.4722      5.8824        7.1451675608    0.1652663248E+01
        1        1       32      5.4722      5.8936        7.1444239750    0.1668239459E+01
        1        1       32      5.4722      5.9050        7.1440770266    0.1687646498E+01
        1        1       32      5.4722      5.9168        7.1440565316    0.1709002894E+01
        1        1       32      5.4722      5.9289        7.1443181647    0.1728986696E+01
        1        1       32      5.4722      5.9412        7.1448339013    0.1742367624E+01
        1        1       32      5.4722      5.9538        7.1455888236    0.1740633958E+01
        1        1       32      5.4722      5.9667        7.1465972256    0.1707957109E+01
        1        1       32      5.4722      5.9797        7.1478825040    0.1608348514E+01
        1        1       32      5.4722      5.9930        7.1494725777    0.1332396978E+01
        1        1       32      5.4722      6.0063        7.1514053673    0.7859825323E+00
        1        1       32      5.4722      6.0130        7.1537286276    0.1028497851E+02
        1        1       32      5.4722      6.0072        7.1564847349    0.1225036333E+02
        1        1       32      5.4722      5.9995        7.1596984296    0.1304435869E+02
        1        1       32      5.4722      5.9909        7.1633906902    0.1365234196E+02
        1        1       32      5.4722      5.9818        7.1675578189    0.1416729808E+02
        1        1       32      5.4722      5.9724        7.1721898658    0.1462118967E+02
        1        1       32      5.4722      5.9628        7.1772540565    0.1502796355E+02
        1        1       32      5.4722      5.9532        7.1826929720    0.1539251774E+02
        1        1       32      5.4722      5.9436        7.1884425134    0.1571380932E+02
        1        1       32      5.4722      5.9341        7.1944098914    0.1598622552E+02
        1        1       32      5.4722      5.9248        7.2005252832    0.1620172081E+02
        1        1       32      5.4722      5.9156        7.2067290054    0.1635110290E+02
        1        1       32      5.4722      5.9066        7.2129759920    0.1642638970E+02
        1        1       32      5.4722      5.8978        7.2192900712    0.1642310301E+02
        1        1       32      5.4722      5.8893        7.2257854397    0.1634204103E+02
        1        1       32      5.4722      5.8810        7.2326674770    0.1618951629E+02
        1        1       32      5.4722      5.8730        7.2402606483    0.1597503516E+02
        1        1       32      5.4722      5.8652        7.2490114080    0.1570844366E+02
        1        1       32      5.4722      5.8577        7.2594892537    0.1539398369E+02
        1        1       32      5.4722      5.8505        7.2723391635    0.1502482840E+02
        1        1       32      5.4722      5.8435        7.2882728395    0.1458063867E+02
        1        1       32      5.4722      5.8369        7.3078649872    0.1403114448E+02
        1        1       32      5.4722      5.8306        7.3314285032    0.1334728296E+02
        1        1       32      5.4722      5.8246        7.3588437343    0.1251650015E+02
        1        1       32      5.4722      5.8190        7.3895218204    0.1154843295E+02
        1        1       32      5.4722      5.8137        7.4224721268    0.1046836513E+02
        1        1       32      5.4722      5.8087        7.4564660454    0.9304121104E+01
        1        1       32      5.4722      5.8041        7.4902141590    0.8078794163E+01
        1        1       32      5.4722      5.7999        7.5224684816    0.6813294706E+01
        1        1       32      5.4722      5.7961        7.5523105982    0.5533911693E+01
        1        1       32      5.4722      5.7927        7.5792194025    0.4275593731E+01
        1        1       32      5.4722      5.7897        7.6031131743    0.3073882768E+01
        1        1       32      5.4722      5.7872        7.6242928974    0.1949621904E+01
        1        1       32      5.4722      5.7851        7.6431539499    0.9122136138E+00
        1        1       32      5.4722      5.7835        7.6599513744    0.3758961729E+00
        1        1       32      5.4722      5.7823        7.6744538104    0.1256207733E+01
        1        1       32      5.4722      5.7816        7.6856275500    0.2217149098E+01
        1        1       32      5.4722      5.7814        7.6918177128    0.2973512502E+01
        1        1       32      5.4722      5.7817        7.6920371840    0.3333044259E+01
        1        1       32      5.4722      5.7825        7.6869985609    0.3315079793E+01
        1        1       32      5.4722      5.7838        7.6782624348    0.3071186018E+01
        1        1       32      5.4722      5.7857        7.6672335997    0.2724978622E+01
        1        1       32      5.4722      5.7880        7.6549270734    0.2343935371E+01
        1        1       32      5.4722      5.7908        7.6420531986    0.1960142361E+01
        1        1       32      5.4722      5.7941        7.6291079361    0.1587744394E+01
        1        1       32      5.4722      5.7979        7.6164566506    0.1232283898E+01
        1        1       32      5.4722      5.8022        7.6043784446    0.8955327802E+00
        1        1       32      5.4722      5.8070        7.5931094714    0.5778911237E+00
        1        1       32      5.4722      5.8123        7.5828182240    0.2793924365E+00
        1        1       32      5.4722      5.8180        7.5736786052    0.2422695738E-04
        1        1       32      5.4722      5.8120        7.5827346604    0.1641537931E+00
        1        1       32      5.4722      5.8061        7.5928211506    0.3245122686E+00
        1        1       32      5.4722      5.8003        7.6037885271    0.4823510604E+00
        1        1       32      5.4722      5.7945        7.6154150148    0.6386263804E+00
        1        1       32      5.4722      5.7888        7.6274041127    0.7939903843E+00
        1        1       32      5.4722      5.7831        7.6394960827    0.9488317475E+00
        1        1       32      5.4722      5.7775        7.6514682759    0.1103442270E+01
        1        1       32      5.4722      5.7720        7.6631028217    0.1257923547E+01
        1        1       32      5.4722      5.7665        7.6742733571    0.1412383075E+01
        1        1       32      5.4722      5.7611        7.6821321795    0.2168868709E+01
        1        1       32      5.4722      5.7558        7.6321326248    0.2516781381E+01
        1        1       32      5.4722      5.7505        7.5823680311    0.2365753447E+01
        1        1       32      5.4722      5.7453        7.5338924256    0.2183843987E+01
        1        1       32      5.4722      5.7401        7.4876125694    0.1976401395E+01
        1        1       32      5.4722      5.7350        7.4442469382    0.1756693090E+01
        1        1       32      5.4722      5.7299        7.4042213601    0.1549288048E+01
        1        1       32      5.4722      5.7249        7.3739292691    0.2135045262E+01
        1        1       32      5.4722      5.7199        7.3586837347    0.2716051082E+01
        1        1       32      5.4722      5.7149        7.3444862286    0.2721866055E+01
        1        1       32      5.4722      5.7100        7.3314469971    0.2699966761E+01
        1        1       32      5.4722      5.7050        7.3196145868    0.2654874293E+01
        1        1       32      5.4722      5.7001        7.3089524688    0.2590914755E+01
        1        1       32      5.4722      5.6952        7.2993909327    0.2512608387E+01
        1        1       32      5.4722      5.6903        7.2908547028    0.2423413030E+01
        1        1       32      5.4722      5.6854        7.2832098785    0.2326216367E+01
        1        1       32      5.4722      5.6805        7.2763591879    0.2223313714E+01
        1        1       32      5.4722      5.6755        7.2702108406    0.2116113513E+01
        1        1       32      5.4722      5.6706        7.2646606812    0.2005722710E+01
        1        1       32      5.4722      5.6656        7.2596335188    0.1892823438E+01
        1        1       32      5.4722      5.6606        7.2550502080    0.1777956575E+01
        1        1       32      5.4722      5.6557        7.2508471847    0.1661424838E+01
        1        1       32      5.4722      5.6507        7.2469848832    0.1543413633E+01
        1        1       32      5.4722      5.6456        7.2433874943    0.1424180480E+01
        1        1       32      5.4722      5.6406        7.2400543438    0.1303790262E+01
        1        1       32      5.4722      5.6356        7.2369371670    0.1182660667E+01
        1        1       32      5.4722      5.6306        7.2339936097    0.1061194276E+01
        1        1       32      5.4722      5.6256        7.2312254692    0.9402706976E+00
        1        1       32      5.4722      5.6206        7.2286018946    0.8210892559E+00
        1        1       32      5.4722      5.6157        7.2260984447    0.7059957374E+00
        1        1       32      5.4722      5.6108        7.2237120648    0.5991484392E+00
        1        1       32      5.4722      5.6059        7.2214312258    0.5079778335E+00
        1        1       32      5.4722      5.6011        7.2192496620    0.4448354675E+00
        1        1       32      5.4722      5.5964        7.2171723924    0.4253918895E+00
        1        1       32      5.4722      5.5917        7.2151912370    0.4578362365E+00
        1        1       32      5.4722      5.5872        7.2133097193    0.5350357250E+00
        1        1       32      5.4722      5.5827        7.2115229819    0.6428561155E+00
        1        1       32      5.4722      5.5784        7.2098382302    0.7699259514E+00
        1        1       32      5.4722      5.5742        7.2082493373    0.9094035457E+00
        1        1       32      5.4722      5.5701        7.2067805148    0.1057313309E+01
        1        1       32      5.4722      5.5661        7.2054352313    0.1211175126E+01
        1        1       32      5.4722      5.5622        7.2042225273    0.1369497324E+01
        1        1       32      5.4722      5.5585        7.2031492696    0.1531336919E+01
        1        1       32      5.4722      5.5550        7.2022272738    0.1695669411E+01
        1        1       32      5.4722      5.5515        7.2014847287    0.1861758434E+01
        1        1       32      5.4722      5.5482        7.2009201705    0.2029038482E+01
        1        1       32      5.4722      5.5450        7.2005650410    0.2197071020E+01
        1        1       32      5.4722      5.5420        7.2004244014    0.2364803592E+01
        1        1       32      5.4722      5.5391        7.2005181098    0.2531824085E+01
        1        1       32      5.4722      5.5363        7.2008932450    0.2697466034E+01
        1        1       32      5.4722      5.5336        7.2015556072    0.2861077690E+01
        1        1       32      5.4722      5.5310        7.2025309035    0.3021685997E+01
        1        1       32      5.4722      5.5285        7.2038448980    0.3178535921E+01
        1        1       32      5.4722      5.5261        7.2055404863    0.3330509564E+01
        1        1       32      5.4722      5.5238        7.2076279107    0.3476463645E+01
        1        1       32      5.4722      5.5216        7.2101651971    0.3615489173E+01
        1        1       32      5.4722      5.5194        7.2131722232    0.3745954955E+01
        1        1       32      5.4722      5.5173        7.2166781717    0.3866677464E+01
        1        1       32      5.4722      5.5153        7.2207255121    0.3976323190E+01
        1        1       32      5.4722      5.5133        7.2253450892    0.4073139499E+01
        1        1       32      5.4722      5.5113        7.2305718690    0.4155713111E+01
        1        1       32      5.4722      5.5094        7.2364406792    0.4222196394E+01
        1        1       32      5.4722      5.5075        7.2429758045    0.4271217230E+01
        1        1       32      5.4722      5.5057        7.2501990329    0.4300954826E+01
        1        1       32      5.4722      5.5038        7.2581164438    0.4309953867E+01
        1        1       32      5.4722      5.5020        7.2667547565    0.4297004555E+01
        1        1       32      5.4722      5.5002        7.2761067000    0.4261232826E+01
        1        1       32      5.4722      5.4984        7.2861464785    0.4202213400E+01
        1        1       32      5.4722      5.4967        7.2968528289    0.4119595588E+01
        1        1       32      5.4722      5.4949        7.3081898172    0.4014202365E+01
        1        1       32      5.4722      5.4932        7.3201116763    0.3887108346E+01
        1        1       32      5.4722      5.4915        7.3325366016    0.3740069160E+01
        1        1       32      5.4722      5.4899        7.3453992659    0.3575000045E+01
        1        1       32      5.4722      5.4882        7.3586073787    0.9491217716E+01
        1        1       32      5.4722      5.4866        7.3621506153    0.9975393904E+01
        1        1       32      5.4722      5.4851        7.3583125420    0.1458458912E+02
        1        1       32      5.4722      5.4836        7.3548603906    0.1554346672E+02
        1        1       32      5.4722      5.4822        7.3517801760    0.1664449102E+02
        1        1       32      5.4722      5.4808        7.3490721541    0.1792478547E+02
        1        1       32      5.4722      5.4795        7.3467185186    0.1943585472E+02
        1        1       32      5.4722      5.4783        7.3447054554    0.2125011073E+02
        1        1       32      5.4722      5.4772        7.3430031909    0.2347073444E+02
        1        1       32      5.4722      5.4762        7.3415961869    0.2625363979E+02
        1        1       32      5.4722      5.4753        7.3404466900    0.2984189518E+02
        1        1       32      5.4722      5.4745        7.3395397278    0.3464400306E+02
        1        1       32      5.4722      5.4738        7.3388329280    0.4139137812E+02
        1        1       32      5.4722      5.4732        7.3383030681    0.5154661054E+02
        1        1       32      5.4722      5.4728        7.3379188464    0.6852271591E+02
        1        1       32      5.4722      5.4724        7.3376629504    0.1025602873E+03
        1        1       32      5.4722      5.4723        7.3375157080    0.2048484021E+03
        1        1       32      5.4722      5.4722        7.2861481211    0.2414489941E-04
        1        1       32      5.4722      5.4722        7.3936416984    0.2749544989E+03
        1        1       32      5.4722      5.4724        7.3941642868    0.1373724127E+03
        1        1       32      5.4722      5.4726        7.3950226244    0.9146815837E+02
        1        1       32      5.4722      5.4729        7.3961894781    0.6848646732E+02
        1        1       32      5.4722      5.4733        7.3976379277    0.5467699687E+02
        1        1       32      5.4722      5.4738        7.3993350716    0.4545490744E+02
        1        1       32      5.4722      5.4744        7.4012329429    0.3885618549E+02
        1        1       32      5.4722      5.4751        7.4032919184    0.3389740660E+02
        1        1       32      5.4722      5.4759        7.4054674222    0.3003153151E+02
        1        1       32      5.4722      5.4767        7.4077136327    0.2693017707E+02
        1        1       32      5.4722      5.4776        7.4098999943    0.1736386882E+02
        1        1       32      5.4722      5.4787        7.3878835597    0.3354156720E+01
        1        1       32      5.4722      5.4798        7.3643742849    0.3813267096E+01
        1        1       32      5.4722      5.4810        7.3394190864    0.4270194343E+01
        1        1       32      5.4722      5.4823        7.3130976381    0.4717134905E+01
        1        1       32      5.4722      5.4836        7.2854969621    0.5146790834E+01
        1        1       32      5.4722      5.4851        7.2658941727    0.4072532067E+01
        1        1       32      5.4722      5.4866        7.2639856543    0.1446013926E+01
        1        1       32      5.4722      5.4882        7.2619837299    0.1405425838E+01
        1        1       32      5.4722      5.4899        7.2598578660    0.1408246138E+01
        1        1       32      5.4722      5.4917        7.2575870658    0.1453499604E+01
        1        1       32      5.4722      5.4936        7.2551373163    0.1537295609E+01
        1        1       32      5.4722      5.4955        7.2524693115    0.1654446659E+01
        1        1       32      5.4722      5.4975        7.2495343256    0.1799867960E+01
        1        1       32      5.4722      5.4996        7.2462830707    0.1969571088E+01
        1        1       32      5.4722      5.5018        7.2426450039    0.2161087500E+01
        1        1       32      5.4722      5.5040        7.2385404309    0.2373312278E+01
        1        1       32      5.4722      5.5063        7.2338769984    0.2606415248E+01
        1        1       32      5.4722      5.5087        7.2285443580    0.2861247946E+01
        1        1       32      5.4722      5.5112        7.2224247186    0.3139428557E+01
        1        1       32      5.4722      5.5137        7.2153690671    0.3442709866E+01
        1        1       32      5.4722      5.5163        7.2072356482    0.3772354202E+01
        1        1       32      5.4722      5.5190        7.1978570919    0.4129546330E+01
        1        1       32      5.4722      5.5218        7.1870766779    0.4513747854E+01
        1        1       32      5.4722      5.5247        7.1747451895    0.4923321303E+01
        1        1       32      5.4722      5.5276        7.1607482873    0.5354741510E+01
        1        1       32      5.4722      5.5306        7.1449944969    0.5803400814E+01
        1        1       32      5.4722      5.5336        7.1274432699    0.6263285946E+01
        1        1       32      5.4722      5.5368        7.1080951479    0.6728405710E+01
        1        1       32      5.4722      5.5400        7.0870113641    0.7192874488E+01
        1        1       32      5.4722      5.5433        7.0642917532    0.7652004813E+01
        1        1       32      5.4722      5.5467        7.0400887746    0.8103090540E+01
        1        1       32      5.4722      5.5501        7.0145840001    0.8545767853E+01
        1        1       32      5.4722      5.5536        6.9880249086    0.8983240987E+01
        1        1       32      5.4722      5.5572        6.9607112826    0.9423926919E+01
        1        1       32      5.4722      5.5608        6.9330701929    0.9883957740E+01
        1        1       32      5.4722      5.5645        6.9058251462    0.1038743560E+02
        1        1       32      5.4722      5.5683        6.8805890070    0.1092683399E+02
        1        1       32      5.4722      5.5721        6.8616554483    0.1111814108E+02
        1        1       32      5.4722      5.5760        6.8559415522    0.1002730872E+02
        1        1       32      5.4722      5.5800        6.8616498649    0.8585757048E+01
        1        1       32      5.4722      5.5840        6.8724488913    0.7545939791E+01
        1        1       32      5.4722      5.5881        6.8855361577    0.6780936781E+01
        1        1       32      5.4722      5.5923        6.8998610113    0.6161845386E+01
        1        1       32      5.4722      5.5965        6.9149013333    0.5625780850E+01
        1        1       32      5.4722      5.6008        6.9303360362    0.5143653519E+01
        1        1       32      5.4722      5.6051        6.9459165733    0.4701126296E+01
        1        1       32      5.4722      5.6095        6.9614405133    0.4291341304E+01
        1        1       32      5.4722      5.6139        6.9767543888    0.3911219125E+01
        1        1       32      5.4722      5.6184        6.9917294689    0.3559311646E+01
        1        1       32      5.4722      5.6230        7.0062451873    0.3234953643E+01
        1        1       32      5.4722      5.6276        7.0202120890    0.2938007158E+01
        1        1       32      5.4722      5.6322        7.0473785763    0.3450234146E+01
        1        1       32      5.4722      5.6369        7.0867364253    0.3234217453E+01
        1        1       32      5.4722      5.6416        7.1255931088    0.3013022812E+01
        1        1       32      5.4722      5.6464        7.1637717128    0.2792313608E+01
        1        1       32      5.4722      5.6512        7.2010474707    0.2593050260E+01
        1        1       32      5.4722      5.6561        7.2371037917    0.2486583077E+01
        1        1       32      5.4722      5.6610        7.2713127415    0.2692545117E+01
        1        1       32      5.4722      5.6660        7.3022168564    0.3633416449E+01
        1        1       32      5.4722      5.6710        7.3274929259    0.5230397337E+01
        1        1       32      5.4722      5.6760        7.3471748716    0.6438997982E+01
        1        1       32      5.4722      5.6811        7.3644646671    0.5012430154E+01
        1        1       32      5.4722      5.6862        7.3702368050    0.7123051000E+00
        1        1       32      5.4722      5.6913        7.3754206673    0.7531967659E+00
        1        1       32      5.4722      5.6965        7.3805636405    0.7896539543E+00
        1        1       32      5.4722      5.7017        7.3856260780    0.8214643138E+00
        1        1       32      5.4722      5.7069        7.3905269863    0.8485754177E+00
        1        1       32      5.4722      5.7122        7.3951995866    0.8707924492E+00
        1        1       32      5.4722      5.7175        7.3995920376    0.8881448569E+00
        1        1       32      5.4722      5.7228        7.4036269045    0.9007469484E+00
        1        1       32      5.4722      5.7282        7.4072345999    0.9087346516E+00
        1        1       32      5.4722      5.7336        7.4103521549    0.9121831489E+00
        1        1       32      5.4722      5.7390        7.4129025641    0.9113094512E+00
        1        1       32      5.4722      5.7444        7.4147955608    0.9062781620E+00
        1        1       32      5.4722      5.7499        7.4159678347    0.8972296678E+00
        1        1       32      5.4722      5.7553        7.4163225585    0.8841569565E+00
        1        1       32      5.4722      5.7608        7.4157780710    0.8670721715E+00
        1        1       32      5.4722      5.7663        7.4142433160    0.8457909740E+00
        1        1       32      5.4722      5.7719        7.4116280400    0.8199895715E+00
        1        1       32      5.4722      5.7774        7.4078238999    0.7891620648E+00
        1        1       32      5.4722      5.7830        7.4027272406    0.7526021446E+00
        1        1       32      5.4722      5.7885        7.3962387615    0.7093235528E+00
        1        1       32      5.4722      5.7941        7.3882381123    0.6580239388E+00
        1        1       32      5.4722      5.7997        7.3786200423    0.5968751576E+00
        1        1       32      5.4722      5.8053        7.3672666996    0.5233469667E+00
        1        1       32      5.4722      5.8109        7.3540850803    0.4337332155E+00
        1        1       32      5.4722      5.8166        7.3390082712    0.3225721546E+00
        1        1       32      5.4722      5.8222        7.3220711896    0.1817238519E+00
        1        1       32      5.4722      5.8278        7.3034228996    0.9549902376E+00
