        1        1       58      5.4722      5.4722       18.0674250632    0.2715587050E-03
        1        1       58      5.4722      5.4722       18.2890043882    0.1199969814E+05
        1        1       58      5.4722      5.4722       18.2865221171    0.5929554835E+04
        1        1       58      5.4722      5.4723       18.2826420883    0.3887486211E+04
        1        1       58      5.4722      5.4723       18.2776292467    0.2860918880E+04
        1        1       58      5.4722      5.4724       18.2717786478    0.2245345696E+04
        1        1       58      5.4722      5.4724       18.2652821362    0.1837513036E+04
        1        1       58      5.4722      5.4725       18.2583399164    0.1549102781E+04
        1        1       58      5.4722      5.4727       18.2510565021    0.1335471679E+04
        1        1       58      5.4722      5.4728       18.2435183630    0.1171581551E+04
        1        1       58      5.4722      5.4729       18.2358127081    0.1042283957E+04
        1        1       58      5.4722      5.4731       18.2279793897    0.9379199576E+03
        1        1       58      5.4722      5.4732       18.2200537234    0.8520859316E+03
        1        1       58      5.4722      5.4734       18.2120992313    0.7803445699E+03
        1        1       58      5.4722      5.4736       18.2040964332    0.7195815124E+03
        1        1       58      5.4722      5.4738       18.1960766807    0.6674917005E+03
        1        1       58      5.4722      5.4740       18.1880701434    0.6223818316E+03
        1        1       58      5.4722      5.4743       18.1800718288    0.5829460805E+03
        1        1       58      5.4722      5.4745       18.1721021238    0.5481967644E+03
        1        1       58      5.4722      5.4748       18.1641609228    0.5173618229E+03
        1        1       58      5.4722      5.4751       18.1562698318    0.4898200955E+03
        1        1       58      5.4722      5.4754       18.1484321348    0.3289045049E+03
        1        1       58      5.4722      5.4757       18.1554224591    0.7720222937E+01
        1        1       58      5.4722      5.4760       18.1626273878    0.7991747603E+01
        1        1       58      5.4722      5.4764       18.1699974881    0.8252775135E+01
        1        1       58      5.4722      5.4767       18.1775111257    0.8503139776E+01
        1        1       58      5.4722      5.4771       18.1851464696    0.8742613552E+01
        1        1       58      5.4722      5.4775       18.1928853953    0.8970934495E+01
        1        1       58      5.4722      5.4778       18.2007001479    0.9187855754E+01
        1        1       58      5.4722      5.4783       18.2085760001    0.9393223288E+01
        1        1       58      5.4722      5.4787       18.2165127136    0.9586908022E+01
        1        1       58      5.4722      5.4791       18.2244675670    0.9768775799E+01
        1        1       58      5.4722      5.4796       18.2324658335    0.9938700260E+01
        1        1       58      5.4722      5.4800       18.2404727660    0.1009673111E+02
        1        1       58      5.4722      5.4805       18.2484538421    0.1024297291E+02
        1        1       58      5.4722      5.4810       18.2564111958    0.1037735545E+02
        1        1       58      5.4722      5.4815       18.2643259379    0.1050013675E+02
        1        1       58      5.4722      5.4820       18.2721965993    0.1061138188E+02
        1        1       58      5.4722      5.4825       18.2799944431    0.1071133236E+02
        1        1       58      5.4722      5.4831       18.2877237355    0.1080026508E+02
        1        1       58      5.4722      5.4836       18.2953712323    0.1087848221E+02
        1        1       58      5.4722      5.4842       18.3029041766    0.1094636237E+02
        1        1       58      5.4722      5.4848       18.3103381569    0.1100416336E+02
        1        1       58      5.4722      5.4854       18.3176607318    0.1105234260E+02
        1        1       58      5.4722      5.4860       18.3248612165    0.1109137917E+02
        1        1       58      5.4722      5.4866       18.3319373023    0.1112159653E+02
        1        1       58      5.4722      5.4873       18.3388657467    0.1114368026E+02
        1        1       58      5.4722      5.4879       18.3456834555    0.1115790302E+02
        1        1       58      5.4722      5.4886       18.3523568824    0.1116482256E+02
        1        1       58      5.4722      5.4892       18.3588939820    0.1116485929E+02
        1        1       58      5.4722      5.4899       18.3652921916    0.1115869074E+02
        1        1       58      5.4722      5.4892       18.3588939820    0.1116485929E+02
        1        1       58      5.4722      5.4886       18.3523568824    0.1116482256E+02
        1        1       58      5.4722      5.4879       18.3456834555    0.1115790302E+02
        1        1       58      5.4722      5.4873       18.3388657467    0.1114368026E+02
        1        1       58      5.4722      5.4866       18.3319373023    0.1112159653E+02
        1        1       58      5.4722      5.4860       18.3248612165    0.1109137917E+02
        1        1       58      5.4722      5.4854       18.3176607318    0.1105234260E+02
        1        1       58      5.4722      5.4848       18.3103381569    0.1100416336E+02
        1        1       58      5.4722      5.4842       18.3029041766    0.1094636237E+02
        1        1       58      5.4722      5.4836       18.2953712323    0.1087848221E+02
        1        1       58      5.4722      5.4831       18.2877237355    0.1080026508E+02
        1        1       58      5.4722      5.4825       18.2799944431    0.1071133236E+02
        1        1       58      5.4722      5.4820       18.2721965993    0.1061138188E+02
        1        1       58      5.4722      5.4815       18.2643259379    0.1050013675E+02
        1        1       58      5.4722      5.4810       18.2564111958    0.1037735545E+02
        1        1       58      5.4722      5.4805       18.2484538421    0.1024297291E+02
        1        1       58      5.4722      5.4800       18.2404727660    0.1009673111E+02
        1        1       58      5.4722      5.4796       18.2324658335    0.9938700260E+01
        1        1       58      5.4722      5.4791       18.2244675670    0.9768775799E+01
        1        1       58      5.4722      5.4787       18.2165127136    0.9586908022E+01
        1        1       58      5.4722      5.4783       18.2085760001    0.9393223288E+01
        1        1       58      5.4722      5.4778       18.2007001479    0.9187855754E+01
        1        1       58      5.4722      5.4775       18.1928853953    0.8970934495E+01
        1        1       58      5.4722      5.4771       18.1851464696    0.8742613552E+01
        1        1       58      5.4722      5.4767       18.1775111257    0.8503139776E+01
        1        1       58      5.4722      5.4764       18.1699974881    0.8252775135E+01
        1        1       58      5.4722      5.4760       18.1626273878    0.7991747603E+01
        1        1       58      5.4722      5.4757       18.1554224591    0.7720222937E+01
        1        1       58      5.4722      5.4754       18.1484321348    0.3289045049E+03
        1        1       58      5.4722      5.4751       18.1562698318    0.4898200955E+03
        1        1       58      5.4722      5.4748       18.1641609228    0.5173618229E+03
        1        1       58      5.4722      5.4745       18.1721021238    0.5481967644E+03
        1        1       58      5.4722      5.4743       18.1800718288    0.5829460805E+03
        1        1       58      5.4722      5.4740       18.1880701434    0.6223818316E+03
        1        1       58      5.4722      5.4738       18.1960766807    0.6674917005E+03
        1        1       58      5.4722      5.4736       18.2040964332    0.7195815124E+03
        1        1       58      5.4722      5.4734       18.2120992313    0.7803445699E+03
        1        1       58      5.4722      5.4732       18.2200537234    0.8520859316E+03
        1        1       58      5.4722      5.4731       18.2279793897    0.9379199576E+03
        1        1       58      5.4722      5.4729       18.2358127081    0.1042283957E+04
        1        1       58      5.4722      5.4728       18.2435183630    0.1171581551E+04
        1        1       58      5.4722      5.4727       18.2510565021    0.1335471679E+04
        1        1       58      5.4722      5.4725       18.2583399164    0.1549102781E+04
        1        1       58      5.4722      5.4724       18.2652821362    0.1837513036E+04
        1        1       58      5.4722      5.4724       18.2717786478    0.2245345696E+04
        1        1       58      5.4722      5.4723       18.2776292467    0.2860918880E+04
        1        1       58      5.4722      5.4723       18.2826420883    0.3887486211E+04
        1        1       58      5.4722      5.4722       18.2865221171    0.5929554835E+04
        1        1       58      5.4722      5.4722       18.2890043882    0.1199969814E+05
        1        1       58      5.4722      5.4722       18.0674250632    0.2715587050E-03
        1        1       58      5.4722      5.4722       18.3865749287    0.3692839203E+00
        1        1       58      5.4722      5.4723       18.3870070277    0.7379798036E+00
        1        1       58      5.4722      5.4726       18.3877263634    0.1105499840E+01
        1        1       58      5.4722      5.4728       18.3887382540    0.1471256374E+01
        1        1       58      5.4722      5.4732       18.3900361885    0.1834662268E+01
        1        1       58      5.4722      5.4737       18.3916086084    0.2195132265E+01
        1        1       58      5.4722      5.4742       18.3934552775    0.2552081298E+01
        1        1       58      5.4722      5.4748       18.3955658024    0.2904927406E+01
        1        1       58      5.4722      5.4755       18.3979352716    0.3253094215E+01
        1        1       58      5.4722      5.4762       18.4005543406    0.3596005496E+01
        1        1       58      5.4722      5.4771       18.4034161119    0.3933094706E+01
        1        1       58      5.4722      5.4780       18.4064969404    0.4263805092E+01
        1        1       58      5.4722      5.4790       18.4098064084    0.4587586461E+01
        1        1       58      5.4722      5.4801       18.4133254534    0.4903896647E+01
        1        1       58      5.4722      5.4813       18.4170386615    0.5212218714E+01
        1        1       58      5.4722      5.4826       18.4209373173    0.5512055671E+01
        1        1       58      5.4722      5.4839       18.4250025753    0.5802926027E+01
        1        1       58      5.4722      5.4853       18.4292362733    0.6084369347E+01
        1        1       58      5.4722      5.4868       18.4336031397    0.6355950685E+01
        1        1       58      5.4722      5.4884       18.4381117968    0.6617285951E+01
        1        1       58      5.4722      5.4900       18.4427200916    0.6868007108E+01
        1        1       58      5.4722      5.4917       18.4474295306    0.7107698289E+01
        1        1       58      5.4722      5.4935       18.4522267606    0.7335747608E+01
        1        1       58      5.4722      5.4954       18.4570906937    0.7549256862E+01
        1        1       58      5.4722      5.4973       18.4620093845    0.7320900071E+01
        1        1       58      5.4722      5.4977       18.4670045404    0.4110030675E+00
        1        1       58      5.4722      5.4979       18.4720080787    0.2193236047E+00
        1        1       58      5.4722      5.4981       18.4770263135    0.1620460152E+00
        1        1       58      5.4722      5.4983       18.4820434541    0.1343542132E+00
        1        1       58      5.4722      5.4985       18.4870595112    0.1173370418E+00
        1        1       58      5.4722      5.4987       18.4920622234    0.1051255453E+00
        1        1       58      5.4722      5.4989       18.4970441876    0.9537886405E-01
        1        1       58      5.4722      5.4991       18.5019855878    0.8701967659E-01
        1        1       58      5.4722      5.4994       18.5068760111    0.7951390913E-01
        1        1       58      5.4722      5.4996       18.5117250020    0.7261834476E-01
        1        1       58      5.4722      5.4998       18.5165044164    0.6624928392E-01
        1        1       58      5.4722      5.5001       18.5212233367    0.6041109652E-01
        1        1       58      5.4722      5.5004       18.5258675632    0.5523584419E-01
        1        1       58      5.4722      5.5006       18.5304374985    0.5089484076E-01
        1        1       58      5.4722      5.5009       18.5349227741    0.4763273031E-01
        1        1       58      5.4722      5.5012       18.5393249883    0.4571530854E-01
        1        1       58      5.4722      5.5015       18.5436422615    0.4533892016E-01
        1        1       58      5.4722      5.5018       18.5478717901    0.4657202511E-01
        1        1       58      5.4722      5.5021       18.5520148248    0.4931439639E-01
        1        1       58      5.4722      5.5025       18.5560624489    0.5333050221E-01
        1        1       58      5.4722      5.5028       18.5600196765    0.5834697189E-01
        1        1       58      5.4722      5.5031       18.5638826521    0.6411158107E-01
        1        1       58      5.4722      5.5035       18.5676503809    0.7041404171E-01
        1        1       58      5.4722      5.5038       18.5713370093    0.7709090627E-01
        1        1       58      5.4722      5.5042       18.5749333015    0.8401284465E-01
        1        1       58      5.4722      5.5038       18.5713370093    0.7709090627E-01
        1        1       58      5.4722      5.5035       18.5676503809    0.7041404171E-01
        1        1       58      5.4722      5.5031       18.5638826521    0.6411158107E-01
        1        1       58      5.4722      5.5028       18.5600196765    0.5834697189E-01
        1        1       58      5.4722      5.5025       18.5560624489    0.5333050221E-01
        1        1       58      5.4722      5.5021       18.5520148248    0.4931439639E-01
        1        1       58      5.4722      5.5018       18.5478717901    0.4657202511E-01
        1        1       58      5.4722      5.5015       18.5436422615    0.4533892016E-01
        1        1       58      5.4722      5.5012       18.5393249883    0.4571530854E-01
        1        1       58      5.4722      5.5009       18.5349227741    0.4763273031E-01
        1        1       58      5.4722      5.5006       18.5304374985    0.5089484076E-01
        1        1       58      5.4722      5.5004       18.5258675632    0.5523584419E-01
        1        1       58      5.4722      5.5001       18.5212233367    0.6041109652E-01
        1        1       58      5.4722      5.4998       18.5165044164    0.6624928392E-01
        1        1       58      5.4722      5.4996       18.5117250020    0.7261834476E-01
        1        1       58      5.4722      5.4994       18.5068760111    0.7951390913E-01
        1        1       58      5.4722      5.4991       18.5019855878    0.8701967659E-01
        1        1       58      5.4722      5.4989       18.4970441876    0.9537886405E-01
        1        1       58      5.4722      5.4987       18.4920622234    0.1051255453E+00
        1        1       58      5.4722      5.4985       18.4870595112    0.1173370418E+00
        1        1       58      5.4722      5.4983       18.4820434541    0.1343542132E+00
        1        1       58      5.4722      5.4981       18.4770263135    0.1620460152E+00
        1        1       58      5.4722      5.4979       18.4720080787    0.2193236047E+00
        1        1       58      5.4722      5.4977       18.4670045404    0.4110030675E+00
        1        1       58      5.4722      5.4973       18.4620093845    0.7320900071E+01
        1        1       58      5.4722      5.4954       18.4570906937    0.7549256862E+01
        1        1       58      5.4722      5.4935       18.4522267606    0.7335747608E+01
        1        1       58      5.4722      5.4917       18.4474295306    0.7107698289E+01
        1        1       58      5.4722      5.4900       18.4427200916    0.6868007108E+01
        1        1       58      5.4722      5.4884       18.4381117968    0.6617285951E+01
        1        1       58      5.4722      5.4868       18.4336031397    0.6355950685E+01
        1        1       58      5.4722      5.4853       18.4292362733    0.6084369347E+01
        1        1       58      5.4722      5.4839       18.4250025753    0.5802926027E+01
        1        1       58      5.4722      5.4826       18.4209373173    0.5512055671E+01
        1        1       58      5.4722      5.4813       18.4170386615    0.5212218714E+01
        1        1       58      5.4722      5.4801       18.4133254534    0.4903896647E+01
        1        1       58      5.4722      5.4790       18.4098064084    0.4587586461E+01
        1        1       58      5.4722      5.4780       18.4064969404    0.4263805092E+01
        1        1       58      5.4722      5.4771       18.4034161119    0.3933094706E+01
        1        1       58      5.4722      5.4762       18.4005543406    0.3596005496E+01
        1        1       58      5.4722      5.4755       18.3979352716    0.3253094215E+01
        1        1       58      5.4722      5.4748       18.3955658024    0.2904927406E+01
        1        1       58      5.4722      5.4742       18.3934552775    0.2552081298E+01
        1        1       58      5.4722      5.4737       18.3916086084    0.2195132265E+01
        1        1       58      5.4722      5.4732       18.3900361885    0.1834662268E+01
        1        1       58      5.4722      5.4728       18.3887382540    0.1471256374E+01
        1        1       58      5.4722      5.4726       18.3877263634    0.1105499840E+01
        1        1       58      5.4722      5.4723       18.3870070277    0.7379798036E+00
        1        1       58      5.4722      5.4722       18.3865749287    0.3692839203E+00
        1        1       58      5.4722      5.4722       18.0674250632    0.2715587050E-03
        1        1       58      5.4722      5.4722       18.1688162294    0.1196785977E+05
        1        1       58      5.4722      5.4722       18.1678628143    0.5971300867E+04
        1        1       58      5.4722      5.4723       18.1663011268    0.3967329932E+04
        1        1       58      5.4722      5.4724       18.1641740450    0.2962005345E+04
        1        1       58      5.4722      5.4724       18.1614970603    0.2356622299E+04
        1        1       58      5.4722      5.4726       18.1583344276    0.1951640490E+04
        1        1       58      5.4722      5.4727       18.1547122511    0.1661544906E+04
        1        1       58      5.4722      5.4728       18.1506971734    0.1443524931E+04
        1        1       58      5.4722      5.4730       18.1463692411    0.1273768209E+04
        1        1       58      5.4722      5.4732       18.1417123987    0.1137975216E+04
        1        1       58      5.4722      5.4734       18.1367878032    0.1026990740E+04
        1        1       58      5.4722      5.4737       18.1316546517    0.9346792663E+03
        1        1       58      5.4722      5.4739       18.1263407891    0.8567827894E+03
        1        1       58      5.4722      5.4742       18.1208639968    0.7902524163E+03
        1        1       58      5.4722      5.4745       18.1152767582    0.5181826245E+03
        1        1       58      5.4722      5.4748       18.1150391397    0.4828078592E+03
        1        1       58      5.4722      5.4751       18.1208205671    0.2913457019E+01
        1        1       58      5.4722      5.4755       18.1268724217    0.3048421638E+01
        1        1       58      5.4722      5.4758       18.1331715468    0.3177035678E+01
        1        1       58      5.4722      5.4762       18.1397007204    0.3299002653E+01
        1        1       58      5.4722      5.4766       18.1464538950    0.3413969535E+01
        1        1       58      5.4722      5.4770       18.1534102465    0.3521645634E+01
        1        1       58      5.4722      5.4774       18.1605572227    0.3621714530E+01
        1        1       58      5.4722      5.4779       18.1678778397    0.3713873034E+01
        1        1       58      5.4722      5.4783       18.1753457824    0.3797886244E+01
        1        1       58      5.4722      5.4788       18.1829571327    0.3873482977E+01
        1        1       58      5.4722      5.4793       18.1906792682    0.3940445405E+01
        1        1       58      5.4722      5.4798       18.1985082134    0.3998573850E+01
        1        1       58      5.4722      5.4803       18.2064383806    0.4047683671E+01
        1        1       58      5.4722      5.4808       18.2144407763    0.4087655919E+01
        1        1       58      5.4722      5.4813       18.2224989537    0.4118401062E+01
        1        1       58      5.4722      5.4819       18.2305992346    0.4139852368E+01
        1        1       58      5.4722      5.4825       18.2387271659    0.4151994230E+01
        1        1       58      5.4722      5.4830       18.2468553048    0.4154862685E+01
        1        1       58      5.4722      5.4836       18.2549973355    0.4148432062E+01
        1        1       58      5.4722      5.4842       18.2631114747    0.4132919257E+01
        1        1       58      5.4722      5.4848       18.2712029117    0.4108340019E+01
        1        1       58      5.4722      5.4854       18.2792491981    0.4074987800E+01
        1        1       58      5.4722      5.4860       18.2872483601    0.4033023099E+01
        1        1       58      5.4722      5.4866       18.2951779950    0.3982762274E+01
        1        1       58      5.4722      5.4873       18.3030272783    0.3924564813E+01
        1        1       58      5.4722      5.4879       18.3107990376    0.3858643007E+01
        1        1       58      5.4722      5.4885       18.3184708559    0.3785525304E+01
        1        1       58      5.4722      5.4892       18.3260590443    0.3705537503E+01
        1        1       58      5.4722      5.4899       18.3335549927    0.3619116591E+01
        1        1       58      5.4722      5.4905       18.3409253644    0.3526789667E+01
        1        1       58      5.4722      5.4912       18.3481682379    0.3429239927E+01
        1        1       58      5.4722      5.4919       18.3552949391    0.3326900043E+01
        1        1       58      5.4722      5.4925       18.3623052700    0.3220285419E+01
        1        1       58      5.4722      5.4932       18.3691816942    0.3110167010E+01
        1        1       58      5.4722      5.4925       18.3623052700    0.3220285419E+01
        1        1       58      5.4722      5.4919       18.3552949391    0.3326900043E+01
        1        1       58      5.4722      5.4912       18.3481682379    0.3429239927E+01
        1        1       58      5.4722      5.4905       18.3409253644    0.3526789667E+01
        1        1       58      5.4722      5.4899       18.3335549927    0.3619116591E+01
        1        1       58      5.4722      5.4892       18.3260590443    0.3705537503E+01
        1        1       58      5.4722      5.4885       18.3184708559    0.3785525304E+01
        1        1       58      5.4722      5.4879       18.3107990376    0.3858643007E+01
        1        1       58      5.4722      5.4873       18.3030272783    0.3924564813E+01
        1        1       58      5.4722      5.4866       18.2951779950    0.3982762274E+01
        1        1       58      5.4722      5.4860       18.2872483601    0.4033023099E+01
        1        1       58      5.4722      5.4854       18.2792491981    0.4074987800E+01
        1        1       58      5.4722      5.4848       18.2712029117    0.4108340019E+01
        1        1       58      5.4722      5.4842       18.2631114747    0.4132919257E+01
        1        1       58      5.4722      5.4836       18.2549973355    0.4148432062E+01
        1        1       58      5.4722      5.4830       18.2468553048    0.4154862685E+01
        1        1       58      5.4722      5.4825       18.2387271659    0.4151994230E+01
        1        1       58      5.4722      5.4819       18.2305992346    0.4139852368E+01
        1        1       58      5.4722      5.4813       18.2224989537    0.4118401062E+01
        1        1       58      5.4722      5.4808       18.2144407763    0.4087655919E+01
        1        1       58      5.4722      5.4803       18.2064383806    0.4047683671E+01
        1        1       58      5.4722      5.4798       18.1985082134    0.3998573850E+01
        1        1       58      5.4722      5.4793       18.1906792682    0.3940445405E+01
        1        1       58      5.4722      5.4788       18.1829571327    0.3873482977E+01
        1        1       58      5.4722      5.4783       18.1753457824    0.3797886244E+01
        1        1       58      5.4722      5.4779       18.1678778397    0.3713873034E+01
        1        1       58      5.4722      5.4774       18.1605572227    0.3621714530E+01
        1        1       58      5.4722      5.4770       18.1534102465    0.3521645634E+01
        1        1       58      5.4722      5.4766       18.1464538950    0.3413969535E+01
        1        1       58      5.4722      5.4762       18.1397007204    0.3299002653E+01
        1        1       58      5.4722      5.4758       18.1331715468    0.3177035678E+01
        1        1       58      5.4722      5.4755       18.1268724217    0.3048421638E+01
        1        1       58      5.4722      5.4751       18.1208205671    0.2913457019E+01
        1        1       58      5.4722      5.4748       18.1150391397    0.4828078592E+03
        1        1       58      5.4722      5.4745       18.1152767582    0.5181826245E+03
        1        1       58      5.4722      5.4742       18.1208639968    0.7902524163E+03
        1        1       58      5.4722      5.4739       18.1263407891    0.8567827894E+03
        1        1       58      5.4722      5.4737       18.1316546517    0.9346792663E+03
        1        1       58      5.4722      5.4734       18.1367878032    0.1026990740E+04
        1        1       58      5.4722      5.4732       18.1417123987    0.1137975216E+04
        1        1       58      5.4722      5.4730       18.1463692411    0.1273768209E+04
        1        1       58      5.4722      5.4728       18.1506971734    0.1443524931E+04
        1        1       58      5.4722      5.4727       18.1547122511    0.1661544906E+04
        1        1       58      5.4722      5.4726       18.1583344276    0.1951640490E+04
        1        1       58      5.4722      5.4724       18.1614970603    0.2356622299E+04
        1        1       58      5.4722      5.4724       18.1641740450    0.2962005345E+04
        1        1       58      5.4722      5.4723       18.1663011268    0.3967329932E+04
        1        1       58      5.4722      5.4722       18.1678628143    0.5971300867E+04
        1        1       58      5.4722      5.4722       18.1688162294    0.1196785977E+05
        1        1       58      5.4722      5.4722       18.0674250632    0.2715587050E-03
        1        1       58      5.4722      5.4725       18.3874343172    0.9702792484E+00
        1        1       58      5.4722      5.4733       18.3904232113    0.1929828442E+01
        1        1       58      5.4722      5.4747       18.3953313293    0.2868000704E+01
        1        1       58      5.4722      5.4767       18.4020354467    0.3774176212E+01
        1        1       58      5.4722      5.4792       18.4103484896    0.4638042058E+01
        1        1       58      5.4722      5.4823       18.4201030146    0.5449655716E+01
        1        1       58      5.4722      5.4859       18.4310584061    0.6199945382E+01
        1        1       58      5.4722      5.4901       18.4429705897    0.6880896302E+01
        1        1       58      5.4722      5.4948       18.4555463189    0.7484000083E+01
        1        1       58      5.4722      5.4978       18.4685812203    0.3155067281E+00
        1        1       58      5.4722      5.4983       18.4817789722    0.1354659226E+00
        1        1       58      5.4722      5.4988       18.4949509011    0.9926817762E-01
        1        1       58      5.4722      5.4994       18.5078993351    0.7802255804E-01
        1        1       58      5.4722      5.5001       18.5204829396    0.6129602231E-01
        1        1       58      5.4722      5.5008       18.5325752072    0.4919672646E-01
        1        1       58      5.4722      5.5015       18.5440917029    0.4539375081E-01
        1        1       58      5.4722      5.5024       18.5550082541    0.5216647914E-01
        1        1       58      5.4722      5.5033       18.5652822760    0.6638169014E-01
        1        1       58      5.4722      5.5042       18.5749333015    0.8401284465E-01
        1        1       58      5.4722      5.5052       18.5839492797    0.1027338199E+00
        1        1       58      5.4722      5.5063       18.5923748860    0.1213468072E+00
        1        1       58      5.4722      5.5074       18.6002236048    0.1391821289E+00
        1        1       58      5.4722      5.5086       18.6075272164    0.1557934359E+00
        1        1       58      5.4722      5.5099       18.6143033656    0.1709145356E+00
        1        1       58      5.4722      5.5112       18.6205889507    0.1843534100E+00
        1        1       58      5.4722      5.5126       18.6264193027    0.1960092926E+00
        1        1       58      5.4722      5.5140       18.6318009945    0.2057753951E+00
        1        1       58      5.4722      5.5155       18.6367615270    0.2136441868E+00
        1        1       58      5.4722      5.5171       18.6412961959    0.2196501013E+00
        1        1       58      5.4722      5.5187       18.6454317981    0.2237956878E+00
        1        1       58      5.4722      5.5203       18.6491650672    0.2261958666E+00
        1        1       58      5.4722      5.5220       18.6525165122    0.2269379128E+00
        1        1       58      5.4722      5.5238       18.6554676544    0.2261505181E+00
        1        1       58      5.4722      5.5255       18.6580358553    0.2240174473E+00
        1        1       58      5.4722      5.5274       18.6602229994    0.2207903572E+00
        1        1       58      5.4722      5.5292       18.6620252402    0.2166867341E+00
        1        1       58      5.4722      5.5311       18.6634475206    0.2120599011E+00
        1        1       58      5.4722      5.5331       18.6644721159    0.2072994322E+00
        1        1       58      5.4722      5.5350       18.6651014809    0.2028983476E+00
        1        1       58      5.4722      5.5370       18.6653507179    0.1994815796E+00
        1        1       58      5.4722      5.5390       18.6652254876    0.1976940603E+00
        1        1       58      5.4722      5.5411       18.6647187819    0.1982656391E+00
        1        1       58      5.4722      5.5432       18.6638718809    0.2019249252E+00
        1        1       58      5.4722      5.5452       18.6626440463    0.2093343559E+00
        1        1       58      5.4722      5.5474       18.6610920828    0.2209699735E+00
        1        1       58      5.4722      5.5495       18.6592016903    0.2370891826E+00
        1        1       58      5.4722      5.5517       18.6570042344    0.2577734451E+00
        1        1       58      5.4722      5.5538       18.6545293536    0.2829855434E+00
        1        1       58      5.4722      5.5560       18.6517953997    0.3125939025E+00
        1        1       58      5.4722      5.5583       18.6488216144    0.3464366797E+00
        1        1       58      5.4722      5.5605       18.6456522408    0.3843338187E+00
        1        1       58      5.4722      5.5628       18.6423040111    0.4261289800E+00
        1        1       58      5.4722      5.5651       18.6388068122    0.4716557339E+00
        1        1       58      5.4722      5.5674       18.6351892717    0.5207420218E+00
        1        1       58      5.4722      5.5697       18.6314892329    0.5732042910E+00
        1        1       58      5.4722      5.5721       18.6277510179    0.6288293278E+00
        1        1       58      5.4722      5.5745       18.6239881199    0.6873725059E+00
        1        1       58      5.4722      5.5770       18.6202339668    0.7485437056E+00
        1        1       58      5.4722      5.5795       18.6165262574    0.8120027923E+00
        1        1       58      5.4722      5.5820       18.6129053210    0.8773923124E+00
        1        1       58      5.4722      5.5846       18.6093905369    0.9442771867E+00
        1        1       58      5.4722      5.5872       18.6059977226    0.1012208130E+01
        1        1       58      5.4722      5.5899       18.6027572302    0.1080666481E+01
        1        1       58      5.4722      5.5927       18.5996862646    0.1149112152E+01
        1        1       58      5.4722      5.5955       18.5968236710    0.1216950070E+01
        1        1       58      5.4722      5.5983       18.5941846293    0.1283567529E+01
        1        1       58      5.4722      5.6012       18.5917783570    0.1348322008E+01
        1        1       58      5.4722      5.6042       18.5896334065    0.1410559959E+01
        1        1       58      5.4722      5.6072       18.5877811965    0.1469587897E+01
        1        1       58      5.4722      5.6103       18.5862336580    0.1524699345E+01
        1        1       58      5.4722      5.6135       18.5850074822    0.1575185071E+01
        1        1       58      5.4722      5.6166       18.5841270102    0.1620342395E+01
        1        1       58      5.4722      5.6199       18.5836298872    0.1659437782E+01
        1        1       58      5.4722      5.6232       18.5835105691    0.1691782353E+01
        1        1       58      5.4722      5.6265       18.5838080965    0.1716687128E+01
        1        1       58      5.4722      5.6298       18.5845458436    0.1733474916E+01
        1        1       58      5.4722      5.6332       18.5857886395    0.1741495399E+01
        1        1       58      5.4722      5.6366       18.5875551557    0.1740152465E+01
        1        1       58      5.4722      5.6400       18.5898997521    0.1728911339E+01
        1        1       58      5.4722      5.6435       18.5928606077    0.1707215423E+01
        1        1       58      5.4722      5.6469       18.5964956114    0.1674612184E+01
        1        1       58      5.4722      5.6504       18.6008728396    0.1630684782E+01
        1        1       58      5.4722      5.6538       18.6060573807    0.1575096838E+01
        1        1       58      5.4722      5.6572       18.6121350969    0.1507568157E+01
        1        1       58      5.4722      5.6606       18.6192054901    0.1427893376E+01
        1        1       58      5.4722      5.6640       18.6273387572    0.1335959043E+01
        1        1       58      5.4722      5.6673       18.6347616105    0.8733983745E+00
        1        1       58      5.4722      5.6707       18.6178476659    0.7850266271E-01
        1        1       58      5.4722      5.6739       18.6007194646    0.6599555769E-01
        1        1       58      5.4722      5.6772       18.5834119371    0.5403468539E-01
        1        1       58      5.4722      5.6804       18.5659135726    0.4254419457E-01
        1        1       58      5.4722      5.6836       18.5482872768    0.3145092156E-01
        1        1       58      5.4722      5.6867       18.5304834648    0.2068931913E-01
        1        1       58      5.4722      5.6899       18.5126071222    0.1021097674E-01
        1        1       58      5.4722      5.6929       18.4946202592    0.9859401238E-05
        1        1       58      5.4722      5.6902       18.5122654271    0.4641843696E-01
        1        1       58      5.4722      5.6881       18.5307650463    0.8986189258E-01
        1        1       58      5.4722      5.6864       18.5495891390    0.1390653891E+00
        1        1       58      5.4722      5.6852       18.5679680454    0.2141900052E+00
        1        1       58      5.4722      5.6845       18.5847305641    0.3422195629E+00
        1        1       58      5.4722      5.6843       18.5984775005    0.5338277350E+00
        1        1       58      5.4722      5.6845       18.6084767772    0.7599935699E+00
        1        1       58      5.4722      5.6853       18.6156338482    0.9729548714E+00
        1        1       58      5.4722      5.6865       18.6218044805    0.1148837952E+01
        1        1       58      5.4722      5.6883       18.6285736270    0.1287589546E+01
        1        1       58      5.4722      5.6904       18.6368841630    0.1395972987E+01
        1        1       58      5.4722      5.6931       18.6472152522    0.1480633536E+01
        1        1       58      5.4722      5.6962       18.6597240850    0.1547362893E+01
        1        1       58      5.4722      5.6997       18.6743964877    0.1601338658E+01
        1        1       58      5.4722      5.7036       18.6910589720    0.1647452004E+01
        1        1       58      5.4722      5.7080       18.7095124473    0.1690408136E+01
        1        1       58      5.4722      5.7127       18.7294494651    0.1733178759E+01
        1        1       58      5.4722      5.7177       18.7505819651    0.1771411163E+01
        1        1       58      5.4722      5.7227       18.7725578054    0.1779971828E+01
        1        1       58      5.4722      5.7277       18.7950893601    0.1720191277E+01
        1        1       58      5.4722      5.7325       18.8178576210    0.1606380277E+01
        1        1       58      5.4722      5.7374       18.8405574553    0.1490127327E+01
        1        1       58      5.4722      5.7425       18.8629354807    0.1392277828E+01
        1        1       58      5.4722      5.7479       18.8847446335    0.1311965370E+01
        1        1       58      5.4722      5.7537       18.9057740826    0.1244962259E+01
        1        1       58      5.4722      5.7598       18.9258280334    0.1188180974E+01
        1        1       58      5.4722      5.7663       18.9447465979    0.1140077612E+01
        1        1       58      5.4722      5.7731       18.9624311008    0.1100152104E+01
        1        1       58      5.4722      5.7803       18.9787532368    0.1068386698E+01
        1        1       58      5.4722      5.7879       18.9936230576    0.1044894989E+01
        1        1       58      5.4722      5.7958       19.0069737493    0.1029775770E+01
        1        1       58      5.4722      5.8041       19.0187608339    0.1022978748E+01
        1        1       58      5.4722      5.8127       19.0289423473    0.1024325535E+01
        1        1       58      5.4722      5.8217       19.0375011352    0.1033354309E+01
        1        1       58      5.4722      5.8310       19.0444137620    0.1049590486E+01
        1        1       58      5.4722      5.8406       19.0496837927    0.1072552295E+01
        1        1       58      5.4722      5.8506       19.0533253486    0.1101902219E+01
        1        1       58      5.4722      5.8609       19.0553652753    0.1137460422E+01
        1        1       58      5.4722      5.8715       19.0557997541    0.1179352348E+01
        1        1       58      5.4722      5.8824       19.0546847912    0.1228173558E+01
        1        1       58      5.4722      5.8936       19.0520505338    0.1285023078E+01
        1        1       58      5.4722      5.9050       19.0479685750    0.1351829265E+01
        1        1       58      5.4722      5.9168       19.0424715964    0.1431745405E+01
        1        1       58      5.4722      5.9289       19.0356248663    0.1529843451E+01
        1        1       58      5.4722      5.9412       19.0274933692    0.1654888199E+01
        1        1       58      5.4722      5.9538       19.0181436201    0.1823010977E+01
        1        1       58      5.4722      5.9667       19.0076789051    0.2067714350E+01
        1        1       58      5.4722      5.9797       18.9961678446    0.2471887139E+01
        1        1       58      5.4722      5.9930       18.9837131163    0.3311224026E+01
        1        1       58      5.4722      6.0063       18.9704247875    0.6305011087E+01
        1        1       58      5.4722      6.0130       18.9564383561    0.2368175915E+02
        1        1       58      5.4722      6.0072       18.9418923538    0.2536916266E+02
        1        1       58      5.4722      5.9995       18.9268887801    0.2558172340E+02
        1        1       58      5.4722      5.9909       18.9115886929    0.2544460685E+02
        1        1       58      5.4722      5.9818       18.8960811893    0.2506255822E+02
        1        1       58      5.4722      5.9724       18.8804965858    0.2449390712E+02
        1        1       58      5.4722      5.9628       18.8649386285    0.2378148509E+02
        1        1       58      5.4722      5.9532       18.8494531662    0.2296086431E+02
        1        1       58      5.4722      5.9436       18.8340981894    0.2206159438E+02
        1        1       58      5.4722      5.9341       18.8188887084    0.2110937759E+02
        1        1       58      5.4722      5.9248       18.8038410785    0.2012528647E+02
        1        1       58      5.4722      5.9156       18.7889694819    0.1912665901E+02
        1        1       58      5.4722      5.9066       18.7742457220    0.1812792174E+02
        1        1       58      5.4722      5.8978       18.7596361387    0.1714034182E+02
        1        1       58      5.4722      5.8893       18.7451550260    0.1617231636E+02
        1        1       58      5.4722      5.8810       18.7307913010    0.1522997530E+02
        1        1       58      5.4722      5.8730       18.7165279516    0.1431720886E+02
        1        1       58      5.4722      5.8652       18.7023561686    0.1343780968E+02
        1        1       58      5.4722      5.8577       18.6883047546    0.1259271806E+02
        1        1       58      5.4722      5.8505       18.6743495080    0.1178337291E+02
        1        1       58      5.4722      5.8435       18.6605388349    0.1101067514E+02
        1        1       58      5.4722      5.8369       18.6469018334    0.1027438454E+02
        1        1       58      5.4722      5.8306       18.6334622328    0.9574610112E+01
        1        1       58      5.4722      5.8246       18.6202681783    0.8911149170E+01
        1        1       58      5.4722      5.8190       18.6073791134    0.8283963070E+01
        1        1       58      5.4722      5.8137       18.5948514513    0.7693382823E+01
        1        1       58      5.4722      5.8087       18.5827188088    0.7139632126E+01
        1        1       58      5.4722      5.8041       18.5711125231    0.6623076610E+01
        1        1       58      5.4722      5.7999       18.5600363014    0.6144983651E+01
        1        1       58      5.4722      5.7961       18.5496194179    0.5705983067E+01
        1        1       58      5.4722      5.7927       18.5399714626    0.5307621465E+01
        1        1       58      5.4722      5.7897       18.5311454961    0.4951198685E+01
        1        1       58      5.4722      5.7872       18.5232512856    0.4638811942E+01
        1        1       58      5.4722      5.7851       18.5163523114    0.4372145837E+01
        1        1       58      5.4722      5.7835       18.5105221403    0.4152115670E+01
        1        1       58      5.4722      5.7823       18.5057921648    0.3978370234E+01
        1        1       58      5.4722      5.7816       18.5021978639    0.3849289509E+01
        1        1       58      5.4722      5.7814       18.4996244526    0.3761741043E+01
        1        1       58      5.4722      5.7817       18.4978730589    0.3708187127E+01
        1        1       58      5.4722      5.7825       18.4965221072    0.3676017275E+01
        1        1       58      5.4722      5.7838       18.4947549100    0.3640266855E+01
        1        1       58      5.4722      5.7857       18.4913306919    0.3554619244E+01
        1        1       58      5.4722      5.7880       18.4847631915    0.3359095064E+01
        1        1       58      5.4722      5.7908       18.4741658816    0.3023495154E+01
        1        1       58      5.4722      5.7941       18.4598117412    0.2579051810E+01
        1        1       58      5.4722      5.7979       18.4427204523    0.2078328685E+01
        1        1       58      5.4722      5.8022       18.4238421417    0.1557570366E+01
        1        1       58      5.4722      5.8070       18.4038183671    0.1033819078E+01
        1        1       58      5.4722      5.8123       18.3830365011    0.5141805729E+00
        1        1       58      5.4722      5.8180       18.3617297701    0.3107420775E+02
        1        1       58      5.4722      5.8120       18.3833299216    0.5303047491E+00
        1        1       58      5.4722      5.8061       18.4050254752    0.1073109252E+01
        1        1       58      5.4722      5.8003       18.4267836328    0.1629687235E+01
        1        1       58      5.4722      5.7945       18.4485699678    0.2199858191E+01
        1        1       58      5.4722      5.7888       18.4703646260    0.2783793848E+01
        1        1       58      5.4722      5.7831       18.4921388858    0.3381333661E+01
        1        1       58      5.4722      5.7775       18.5139014379    0.3992500905E+01
        1        1       58      5.4722      5.7720       18.5355403443    0.3304022763E+01
        1        1       58      5.4722      5.7665       18.5213881520    0.7994350418E+00
        1        1       58      5.4722      5.7611       18.5079361613    0.8905005807E+00
        1        1       58      5.4722      5.7558       18.4958908529    0.9938057168E+00
        1        1       58      5.4722      5.7505       18.4851693229    0.1110927006E+01
        1        1       58      5.4722      5.7453       18.4757027657    0.1242537889E+01
        1        1       58      5.4722      5.7401       18.4674057049    0.1388521783E+01
        1        1       58      5.4722      5.7350       18.4602024782    0.1548245272E+01
        1        1       58      5.4722      5.7299       18.4540329398    0.1720615303E+01
        1        1       58      5.4722      5.7249       18.4488196418    0.1904308803E+01
        1        1       58      5.4722      5.7199       18.4445176353    0.2098026654E+01
        1        1       58      5.4722      5.7149       18.4410492673    0.2300175389E+01
        1        1       58      5.4722      5.7100       18.4383971014    0.2509346931E+01
        1        1       58      5.4722      5.7050       18.4364789313    0.2723905277E+01
        1        1       58      5.4722      5.7001       18.4352824173    0.2942630544E+01
        1        1       58      5.4722      5.6952       18.4347618601    0.3163916979E+01
        1        1       58      5.4722      5.6903       18.4349089125    0.3386635758E+01
        1        1       58      5.4722      5.6854       18.4356342225    0.3609100844E+01
        1        1       58      5.4722      5.6805       18.4369315200    0.3830142190E+01
        1        1       58      5.4722      5.6755       18.4387878779    0.4048391361E+01
        1        1       58      5.4722      5.6706       18.4411488788    0.4262662525E+01
        1        1       58      5.4722      5.6656       18.4439843199    0.4471615376E+01
        1        1       58      5.4722      5.6606       18.4472757169    0.4674281717E+01
        1        1       58      5.4722      5.6557       18.4509966308    0.4869720533E+01
        1        1       58      5.4722      5.6507       18.4551022704    0.5056751701E+01
        1        1       58      5.4722      5.6456       18.4595669333    0.5234269149E+01
        1        1       58      5.4722      5.6406       18.4643462535    0.5401462967E+01
        1        1       58      5.4722      5.6356       18.4694077307    0.5557600366E+01
        1        1       58      5.4722      5.6306       18.4747034078    0.5702009287E+01
        1        1       58      5.4722      5.6256       18.4802154419    0.5833838429E+01
        1        1       58      5.4722      5.6206       18.4858744358    0.5952783228E+01
        1        1       58      5.4722      5.6157       18.4916414685    0.6058269799E+01
        1        1       58      5.4722      5.6108       18.4974611718    0.6149933646E+01
        1        1       58      5.4722      5.6059       18.5033027429    0.6227648217E+01
        1        1       58      5.4722      5.6011       18.5090731686    0.6290835787E+01
        1        1       58      5.4722      5.5964       18.5147652716    0.6339393919E+01
        1        1       58      5.4722      5.5917       18.5203153912    0.6373037948E+01
        1        1       58      5.4722      5.5872       18.5256529899    0.6391821596E+01
        1        1       58      5.4722      5.5827       18.5307291605    0.6395529669E+01
        1        1       58      5.4722      5.5784       18.5355080277    0.6383871537E+01
        1        1       58      5.4722      5.5742       18.5399457390    0.6357118435E+01
        1        1       58      5.4722      5.5701       18.5439994257    0.6315033472E+01
        1        1       58      5.4722      5.5661       18.5476125413    0.6257593401E+01
        1        1       58      5.4722      5.5622       18.5507697104    0.6184638732E+01
        1        1       58      5.4722      5.5585       18.5534409323    0.6096104535E+01
        1        1       58      5.4722      5.5550       18.5555652228    0.5991653554E+01
        1        1       58      5.4722      5.5515       18.5571378088    0.5871325465E+01
        1        1       58      5.4722      5.5482       18.5581325259    0.5735272275E+01
        1        1       58      5.4722      5.5450       18.5585230389    0.5583215770E+01
        1        1       58      5.4722      5.5420       18.5583303659    0.5415321205E+01
        1        1       58      5.4722      5.5391       18.5575098558    0.5231637084E+01
        1        1       58      5.4722      5.5363       18.5560839787    0.5032200640E+01
        1        1       58      5.4722      5.5336       18.5540314609    0.4817640170E+01
        1        1       58      5.4722      5.5310       18.5513174631    0.4587842504E+01
        1        1       58      5.4722      5.5285       18.5479724800    0.4343588514E+01
        1        1       58      5.4722      5.5261       18.5439860686    0.4085880449E+01
        1        1       58      5.4722      5.5238       18.5393521953    0.3815793746E+01
        1        1       58      5.4722      5.5216       18.5340817544    0.3535319049E+01
        1        1       58      5.4722      5.5194       18.5281557488    0.3246830047E+01
        1        1       58      5.4722      5.5173       18.5215746764    0.2954032728E+01
        1        1       58      5.4722      5.5153       18.5143173389    0.2662425224E+01
        1        1       58      5.4722      5.5133       18.5064009902    0.2379490910E+01
        1        1       58      5.4722      5.5113       18.4977868131    0.2117081380E+01
        1        1       58      5.4722      5.5094       18.4884710993    0.1892116247E+01
        1        1       58      5.4722      5.5075       18.4784225118    0.1727883780E+01
        1        1       58      5.4722      5.5057       18.4676134406    0.1649332320E+01
        1        1       58      5.4722      5.5038       18.4560485049    0.1672830319E+01
        1        1       58      5.4722      5.5020       18.4436641430    0.1795544234E+01
        1        1       58      5.4722      5.5002       18.4304853099    0.1996760667E+01
        1        1       58      5.4722      5.4984       18.4164473610    0.2250289973E+01
        1        1       58      5.4722      5.4967       18.4015378332    0.2532444774E+01
        1        1       58      5.4722      5.4949       18.3857881451    0.2824035533E+01
        1        1       58      5.4722      5.4932       18.3691816942    0.3110167010E+01
        1        1       58      5.4722      5.4915       18.3517494721    0.3378607749E+01
        1        1       58      5.4722      5.4899       18.3335549927    0.3619116591E+01
        1        1       58      5.4722      5.4882       18.3146391937    0.3822987746E+01
        1        1       58      5.4722      5.4866       18.2951779950    0.3982762274E+01
        1        1       58      5.4722      5.4851       18.2752268793    0.4092752431E+01
        1        1       58      5.4722      5.4836       18.2549973355    0.4148432062E+01
        1        1       58      5.4722      5.4822       18.2346600938    0.4147088851E+01
        1        1       58      5.4722      5.4808       18.2144407763    0.4087655919E+01
        1        1       58      5.4722      5.4795       18.1945758510    0.3970625150E+01
        1        1       58      5.4722      5.4783       18.1753457824    0.3797886244E+01
        1        1       58      5.4722      5.4772       18.1569626715    0.3572649559E+01
        1        1       58      5.4722      5.4762       18.1397007204    0.3299002653E+01
        1        1       58      5.4722      5.4753       18.1238151249    0.2981715583E+01
        1        1       58      5.4722      5.4745       18.1152767582    0.5181826245E+03
        1        1       58      5.4722      5.4738       18.1290141588    0.8941435847E+03
        1        1       58      5.4722      5.4732       18.1417123987    0.1137975216E+04
        1        1       58      5.4722      5.4728       18.1527566607    0.1545307756E+04
        1        1       58      5.4722      5.4724       18.1614970603    0.2356622299E+04
        1        1       58      5.4722      5.4723       18.1671585367    0.4769641759E+04
        1        1       58      5.4722      5.4722       18.0674250632    0.2715587050E-03
        1        1       58      5.4722      5.4722       18.2847450866    0.4706190862E+04
        1        1       58      5.4722      5.4724       18.2717786478    0.2245345696E+04
        1        1       58      5.4722      5.4726       18.2547376557    0.1434812166E+04
        1        1       58      5.4722      5.4729       18.2358127081    0.1042283957E+04
        1        1       58      5.4722      5.4733       18.2160820902    0.8146712166E+03
        1        1       58      5.4722      5.4738       18.1960766807    0.6674917005E+03
        1        1       58      5.4722      5.4744       18.1760824805    0.5650418724E+03
        1        1       58      5.4722      5.4751       18.1562698318    0.4898200955E+03
        1        1       58      5.4722      5.4759       18.1590109224    0.7857294258E+01
        1        1       58      5.4722      5.4767       18.1775111257    0.8503139776E+01
        1        1       58      5.4722      5.4776       18.1967777418    0.9080833594E+01
        1        1       58      5.4722      5.4787       18.2165127136    0.9586908022E+01
        1        1       58      5.4722      5.4798       18.2364712008    0.1001919154E+02
        1        1       58      5.4722      5.4810       18.2564111958    0.1037735545E+02
        1        1       58      5.4722      5.4823       18.2761036196    0.1066276684E+02
        1        1       58      5.4722      5.4836       18.2953712323    0.1087848221E+02
        1        1       58      5.4722      5.4851       18.3140140255    0.1102942034E+02
        1        1       58      5.4722      5.4866       18.3319373023    0.1112159653E+02
        1        1       58      5.4722      5.4882       18.3490416223    0.1116225846E+02
        1        1       58      5.4722      5.4899       18.3652921916    0.1115869074E+02
        1        1       58      5.4722      5.4917       18.3806763794    0.1111876480E+02
        1        1       58      5.4722      5.4936       18.3951352652    0.1105041798E+02
        1        1       58      5.4722      5.4955       18.4087258117    0.1096018633E+02
        1        1       58      5.4722      5.4975       18.4214588516    0.1085517452E+02
        1        1       58      5.4722      5.4996       18.4333854023    0.1074088782E+02
        1        1       58      5.4722      5.5018       18.4445398186    0.1062210120E+02
        1        1       58      5.4722      5.5040       18.4549604354    0.1050307172E+02
        1        1       58      5.4722      5.5063       18.4647063991    0.1038724310E+02
        1        1       58      5.4722      5.5087       18.4737963970    0.1027739138E+02
        1        1       58      5.4722      5.5112       18.4822908441    0.1017540465E+02
        1        1       58      5.4722      5.5137       18.4902146249    0.1008297874E+02
        1        1       58      5.4722      5.5163       18.4976049962    0.1000118822E+02
        1        1       58      5.4722      5.5190       18.5044896944    0.9930493165E+01
        1        1       58      5.4722      5.5218       18.5108970467    0.9871139910E+01
        1        1       58      5.4722      5.5247       18.5168393214    0.9823348850E+01
        1        1       58      5.4722      5.5276       18.5223502029    0.9787020651E+01
        1        1       58      5.4722      5.5306       18.5274289865    0.9761433435E+01
        1        1       58      5.4722      5.5336       18.5320778410    0.9746364801E+01
        1        1       58      5.4722      5.5368       18.5363150041    0.9740822085E+01
        1        1       58      5.4722      5.5400       18.5401497455    0.9744033378E+01
        1        1       58      5.4722      5.5433       18.5435912747    0.9754936858E+01
        1        1       58      5.4722      5.5467       18.5466382910    0.9773033346E+01
        1        1       58      5.4722      5.5501       18.5492826903    0.9797101419E+01
        1        1       58      5.4722      5.5536       18.5515402313    0.9826154020E+01
        1        1       58      5.4722      5.5572       18.5534136760    0.9859121518E+01
        1        1       58      5.4722      5.5608       18.5549049590    0.9894828441E+01
        1        1       58      5.4722      5.5645       18.5560213578    0.9932435694E+01
        1        1       58      5.4722      5.5683       18.5567852465    0.9970856922E+01
        1        1       58      5.4722      5.5721       18.5571765216    0.1000941312E+02
        1        1       58      5.4722      5.5760       18.5572379992    0.1004713989E+02
        1        1       58      5.4722      5.5800       18.5569681336    0.1008267375E+02
        1        1       58      5.4722      5.5840       18.5563641864    0.1011587013E+02
        1        1       58      5.4722      5.5881       18.5554731358    0.1014552427E+02
        1        1       58      5.4722      5.5923       18.5543057863    0.1017096502E+02
        1        1       58      5.4722      5.5965       18.5528629554    0.1019182284E+02
        1        1       58      5.4722      5.6008       18.5512129739    0.1020725685E+02
        1        1       58      5.4722      5.6051       18.5493522816    0.1021687495E+02
        1        1       58      5.4722      5.6095       18.5473077563    0.1022028139E+02
        1        1       58      5.4722      5.6139       18.5451071312    0.1021721738E+02
        1        1       58      5.4722      5.6184       18.5427913387    0.1020723258E+02
        1        1       58      5.4722      5.6230       18.5403665286    0.1019012195E+02
        1        1       58      5.4722      5.6276       18.5378667070    0.1016576410E+02
        1        1       58      5.4722      5.6322       18.5353246808    0.1013392216E+02
        1        1       58      5.4722      5.6369       18.5327635033    0.1009436220E+02
        1        1       58      5.4722      5.6416       18.5302077134    0.1004725210E+02
        1        1       58      5.4722      5.6464       18.5277118027    0.9992122573E+01
        1        1       58      5.4722      5.6512       18.5252713847    0.9929090019E+01
        1        1       58      5.4722      5.6561       18.5228855073    0.9858131552E+01
        1        1       58      5.4722      5.6610       18.5206403330    0.9778976471E+01
        1        1       58      5.4722      5.6660       18.5185197188    0.9691415019E+01
        1        1       58      5.4722      5.6710       18.5165582250    0.9595554961E+01
        1        1       58      5.4722      5.6760       18.5147720567    0.9491019190E+01
        1        1       58      5.4722      5.6811       18.5132119906    0.9377492878E+01
        1        1       58      5.4722      5.6862       18.5118679191    0.9254841916E+01
        1        1       58      5.4722      5.6913       18.5107978476    0.9122459663E+01
        1        1       58      5.4722      5.6965       18.5100185391    0.8979868396E+01
        1        1       58      5.4722      5.7017       18.5095372090    0.8826707427E+01
        1        1       58      5.4722      5.7069       18.5093849468    0.8662183892E+01
        1        1       58      5.4722      5.7122       18.5096097132    0.8485652416E+01
        1        1       58      5.4722      5.7175       18.5102287561    0.8296490275E+01
        1        1       58      5.4722      5.7228       18.5112835166    0.8093533124E+01
        1        1       58      5.4722      5.7282       18.5128239430    0.7875632275E+01
        1        1       58      5.4722      5.7336       18.5148761868    0.7641934995E+01
        1        1       58      5.4722      5.7390       18.5175389933    0.7390951578E+01
        1        1       58      5.4722      5.7444       18.5208066051    0.7121579823E+01
        1        1       58      5.4722      5.7499       18.5247765194    0.6832234877E+01
        1        1       58      5.4722      5.7553       18.5295132572    0.6521430460E+01
        1        1       58      5.4722      5.7608       18.5350812054    0.6187767392E+01
        1        1       58      5.4722      5.7663       18.5415744636    0.5829631642E+01
        1        1       58      5.4722      5.7719       18.5490978093    0.5445500498E+01
        1        1       58      5.4722      5.7774       18.5577231127    0.5033958442E+01
        1        1       58      5.4722      5.7830       18.5669676484    0.4261682856E+01
        1        1       58      5.4722      5.7885       18.5454067792    0.3377227294E+01
        1        1       58      5.4722      5.7941       18.5236547748    0.2864662086E+01
        1        1       58      5.4722      5.7997       18.5017642260    0.2363109808E+01
        1        1       58      5.4722      5.8053       18.4797574562    0.1872397323E+01
        1        1       58      5.4722      5.8109       18.4576572651    0.1391624450E+01
        1        1       58      5.4722      5.8166       18.4354806892    0.9205772839E+00
        1        1       58      5.4722      5.8222       18.4132503694    0.4603813533E+00
        1        1       58      5.4722      5.8278       18.3910103151    0.3178094278E+02
