        1        1       51      5.4722      5.4722       11.2306481724    0.6554612170E-06
        1        1       51      5.4722      5.4722       11.2684731157    0.7686435565E+03
        1        1       51      5.4722      5.4722       11.2700414489    0.3825641414E+03
        1        1       51      5.4722      5.4723       11.2726374383    0.2532288772E+03
        1        1       51      5.4722      5.4723       11.2762166903    0.1882180273E+03
        1        1       51      5.4722      5.4724       11.2807415979    0.1490427361E+03
        1        1       51      5.4722      5.4724       11.2861566932    0.1228661253E+03
        1        1       51      5.4722      5.4725       11.2924227777    0.1041731935E+03
        1        1       51      5.4722      5.4727       11.2994954704    0.9019147026E+02
        1        1       51      5.4722      5.4728       11.3073401480    0.7936881664E+02
        1        1       51      5.4722      5.4729       11.3159159429    0.7076646041E+02
        1        1       51      5.4722      5.4731       11.3251845624    0.6378328771E+02
        1        1       51      5.4722      5.4732       11.3351107861    0.5801423441E+02
        1        1       51      5.4722      5.4734       11.3456643383    0.5317589341E+02
        1        1       51      5.4722      5.4736       11.3568059008    0.4906780604E+02
        1        1       51      5.4722      5.4738       11.3684941004    0.4554169815E+02
        1        1       51      5.4722      5.4740       11.3807081477    0.4248344012E+02
        1        1       51      5.4722      5.4743       11.3934108101    0.3980913074E+02
        1        1       51      5.4722      5.4745       11.4065701181    0.3745142631E+02
        1        1       51      5.4722      5.4748       11.4201573197    0.3535833380E+02
        1        1       51      5.4722      5.4751       11.4341391788    0.3348820748E+02
        1        1       51      5.4722      5.4754       11.4484878619    0.3180625977E+02
        1        1       51      5.4722      5.4757       11.4631632586    0.3028558394E+02
        1        1       51      5.4722      5.4760       11.4781514406    0.2890340634E+02
        1        1       51      5.4722      5.4764       11.4934073160    0.2764162658E+02
        1        1       51      5.4722      5.4767       11.5089128233    0.2648401080E+02
        1        1       51      5.4722      5.4771       11.5246430483    0.2541800588E+02
        1        1       51      5.4722      5.4775       11.5405643465    0.2443228438E+02
        1        1       51      5.4722      5.4778       11.5566428427    0.2351772809E+02
        1        1       51      5.4722      5.4783       11.5728605385    0.2266576971E+02
        1        1       51      5.4722      5.4787       11.5892018442    0.2186901857E+02
        1        1       51      5.4722      5.4791       11.6056289162    0.2112277434E+02
        1        1       51      5.4722      5.4796       11.6221270872    0.2042082178E+02
        1        1       51      5.4722      5.4800       11.6386621566    0.1975922105E+02
        1        1       51      5.4722      5.4805       11.6552255420    0.1913355999E+02
        1        1       51      5.4722      5.4810       11.6717795844    0.1854044107E+02
        1        1       51      5.4722      5.4815       11.6883313279    0.1797678329E+02
        1        1       51      5.4722      5.4820       11.7048339374    0.1743920358E+02
        1        1       51      5.4722      5.4825       11.7212695320    0.1692650145E+02
        1        1       51      5.4722      5.4831       11.7376251405    0.1643565899E+02
        1        1       51      5.4722      5.4836       11.7538835987    0.1596510467E+02
        1        1       51      5.4722      5.4842       11.7700163242    0.1551277942E+02
        1        1       51      5.4722      5.4848       11.7859957031    0.1507811751E+02
        1        1       51      5.4722      5.4854       11.8018180339    0.1465894846E+02
        1        1       51      5.4722      5.4860       11.8174502983    0.1425403871E+02
        1        1       51      5.4722      5.4866       11.8328808431    0.1386279020E+02
        1        1       51      5.4722      5.4873       11.8480884220    0.1348390871E+02
        1        1       51      5.4722      5.4879       11.8630623410    0.1311683702E+02
        1        1       51      5.4722      5.4886       11.8777782770    0.1276097588E+02
        1        1       51      5.4722      5.4892       11.8922241005    0.1241558391E+02
        1        1       51      5.4722      5.4899       11.9063788053    0.1208008246E+02
        1        1       51      5.4722      5.4892       11.8922241005    0.1241558391E+02
        1        1       51      5.4722      5.4886       11.8777782770    0.1276097588E+02
        1        1       51      5.4722      5.4879       11.8630623410    0.1311683702E+02
        1        1       51      5.4722      5.4873       11.8480884220    0.1348390871E+02
        1        1       51      5.4722      5.4866       11.8328808431    0.1386279020E+02
        1        1       51      5.4722      5.4860       11.8174502983    0.1425403871E+02
        1        1       51      5.4722      5.4854       11.8018180339    0.1465894846E+02
        1        1       51      5.4722      5.4848       11.7859957031    0.1507811751E+02
        1        1       51      5.4722      5.4842       11.7700163242    0.1551277942E+02
        1        1       51      5.4722      5.4836       11.7538835987    0.1596510467E+02
        1        1       51      5.4722      5.4831       11.7376251405    0.1643565899E+02
        1        1       51      5.4722      5.4825       11.7212695320    0.1692650145E+02
        1        1       51      5.4722      5.4820       11.7048339374    0.1743920358E+02
        1        1       51      5.4722      5.4815       11.6883313279    0.1797678329E+02
        1        1       51      5.4722      5.4810       11.6717795844    0.1854044107E+02
        1        1       51      5.4722      5.4805       11.6552255420    0.1913355999E+02
        1        1       51      5.4722      5.4800       11.6386621566    0.1975922105E+02
        1        1       51      5.4722      5.4796       11.6221270872    0.2042082178E+02
        1        1       51      5.4722      5.4791       11.6056289162    0.2112277434E+02
        1        1       51      5.4722      5.4787       11.5892018442    0.2186901857E+02
        1        1       51      5.4722      5.4783       11.5728605385    0.2266576971E+02
        1        1       51      5.4722      5.4778       11.5566428427    0.2351772809E+02
        1        1       51      5.4722      5.4775       11.5405643465    0.2443228438E+02
        1        1       51      5.4722      5.4771       11.5246430483    0.2541800588E+02
        1        1       51      5.4722      5.4767       11.5089128233    0.2648401080E+02
        1        1       51      5.4722      5.4764       11.4934073160    0.2764162658E+02
        1        1       51      5.4722      5.4760       11.4781514406    0.2890340634E+02
        1        1       51      5.4722      5.4757       11.4631632586    0.3028558394E+02
        1        1       51      5.4722      5.4754       11.4484878619    0.3180625977E+02
        1        1       51      5.4722      5.4751       11.4341391788    0.3348820748E+02
        1        1       51      5.4722      5.4748       11.4201573197    0.3535833380E+02
        1        1       51      5.4722      5.4745       11.4065701181    0.3745142631E+02
        1        1       51      5.4722      5.4743       11.3934108101    0.3980913074E+02
        1        1       51      5.4722      5.4740       11.3807081477    0.4248344012E+02
        1        1       51      5.4722      5.4738       11.3684941004    0.4554169815E+02
        1        1       51      5.4722      5.4736       11.3568059008    0.4906780604E+02
        1        1       51      5.4722      5.4734       11.3456643383    0.5317589341E+02
        1        1       51      5.4722      5.4732       11.3351107861    0.5801423441E+02
        1        1       51      5.4722      5.4731       11.3251845624    0.6378328771E+02
        1        1       51      5.4722      5.4729       11.3159159429    0.7076646041E+02
        1        1       51      5.4722      5.4728       11.3073401480    0.7936881664E+02
        1        1       51      5.4722      5.4727       11.2994954704    0.9019147026E+02
        1        1       51      5.4722      5.4725       11.2924227777    0.1041731935E+03
        1        1       51      5.4722      5.4724       11.2861566932    0.1228661253E+03
        1        1       51      5.4722      5.4724       11.2807415979    0.1490427361E+03
        1        1       51      5.4722      5.4723       11.2762166903    0.1882180273E+03
        1        1       51      5.4722      5.4723       11.2726374383    0.2532288772E+03
        1        1       51      5.4722      5.4722       11.2700414489    0.3825641414E+03
        1        1       51      5.4722      5.4722       11.2684731157    0.7686435565E+03
        1        1       51      5.4722      5.4722       11.2306481724    0.6554612170E-06
        1        1       51      5.4722      5.4722       11.2310413516    0.2129984429E-01
        1        1       51      5.4722      5.4723       11.2322125709    0.4363748398E-01
        1        1       51      5.4722      5.4726       11.2341091298    0.6805282501E-01
        1        1       51      5.4722      5.4728       11.2366937324    0.9573153008E-01
        1        1       51      5.4722      5.4732       11.2399208044    0.1283809565E+00
        1        1       51      5.4722      5.4737       11.2438004544    0.1691328749E+00
        1        1       51      5.4722      5.4742       11.2483812182    0.2243296487E+00
        1        1       51      5.4722      5.4748       11.2537843546    0.3063033404E+00
        1        1       51      5.4722      5.4755       11.2602726217    0.4358215668E+00
        1        1       51      5.4722      5.4762       11.2682477520    0.6382361769E+00
        1        1       51      5.4722      5.4771       11.2782231838    0.9249820643E+00
        1        1       51      5.4722      5.4780       11.2905732697    0.1271612717E+01
        1        1       51      5.4722      5.4790       11.3053013961    0.1632451017E+01
        1        1       51      5.4722      5.4801       11.3219876198    0.1978034413E+01
        1        1       51      5.4722      5.4813       11.3401953012    0.2303110661E+01
        1        1       51      5.4722      5.4826       11.3595668117    0.2611325064E+01
        1        1       51      5.4722      5.4839       11.3798496219    0.2906897990E+01
        1        1       51      5.4722      5.4853       11.4008510308    0.3192913743E+01
        1        1       51      5.4722      5.4868       11.4224407336    0.3471078672E+01
        1        1       51      5.4722      5.4884       11.4445029556    0.3742012539E+01
        1        1       51      5.4722      5.4900       11.4669511069    0.4005718306E+01
        1        1       51      5.4722      5.4917       11.4897161165    0.2218820765E+02
        1        1       51      5.4722      5.4935       11.5020610039    0.3126849518E+02
        1        1       51      5.4722      5.4954       11.5082310104    0.3144240909E+02
        1        1       51      5.4722      5.4973       11.5146603491    0.2983432416E+02
        1        1       51      5.4722      5.4977       11.5213744121    0.1493216300E+01
        1        1       51      5.4722      5.4979       11.5283821550    0.6863464489E+00
        1        1       51      5.4722      5.4981       11.5357219956    0.4381308936E+00
        1        1       51      5.4722      5.4983       11.5434174450    0.3196184519E+00
        1        1       51      5.4722      5.4985       11.5515015466    0.2520953525E+00
        1        1       51      5.4722      5.4987       11.5600118778    0.2102395214E+00
        1        1       51      5.4722      5.4989       11.5689856007    0.1833372080E+00
        1        1       51      5.4722      5.4991       11.5784637277    0.1659884096E+00
        1        1       51      5.4722      5.4994       11.5884869294    0.1550715697E+00
        1        1       51      5.4722      5.4996       11.5991020375    0.1486019608E+00
        1        1       51      5.4722      5.4998       11.6103599032    0.1452151194E+00
        1        1       51      5.4722      5.5001       11.6222981974    0.1439431936E+00
        1        1       51      5.4722      5.5004       11.6349446258    0.1440862545E+00
        1        1       51      5.4722      5.5006       11.6483318855    0.1451299821E+00
        1        1       51      5.4722      5.5009       11.6624745903    0.1466904293E+00
        1        1       51      5.4722      5.5012       11.6773737082    0.1484834032E+00
        1        1       51      5.4722      5.5015       11.6930136842    0.1502932114E+00
        1        1       51      5.4722      5.5018       11.7093632346    0.1519521284E+00
        1        1       51      5.4722      5.5021       11.7263780604    0.1533326693E+00
        1        1       51      5.4722      5.5025       11.7439671236    0.1543324549E+00
        1        1       51      5.4722      5.5028       11.7620543185    0.1548711610E+00
        1        1       51      5.4722      5.5031       11.7805261601    0.1548766662E+00
        1        1       51      5.4722      5.5035       11.7992600616    0.1542830353E+00
        1        1       51      5.4722      5.5038       11.8181222744    0.1530405667E+00
        1        1       51      5.4722      5.5042       11.8369550982    0.1510994183E+00
        1        1       51      5.4722      5.5038       11.8181222744    0.1530405667E+00
        1        1       51      5.4722      5.5035       11.7992600616    0.1542830353E+00
        1        1       51      5.4722      5.5031       11.7805261601    0.1548766662E+00
        1        1       51      5.4722      5.5028       11.7620543185    0.1548711610E+00
        1        1       51      5.4722      5.5025       11.7439671236    0.1543324549E+00
        1        1       51      5.4722      5.5021       11.7263780604    0.1533326693E+00
        1        1       51      5.4722      5.5018       11.7093632346    0.1519521284E+00
        1        1       51      5.4722      5.5015       11.6930136842    0.1502932114E+00
        1        1       51      5.4722      5.5012       11.6773737082    0.1484834032E+00
        1        1       51      5.4722      5.5009       11.6624745903    0.1466904293E+00
        1        1       51      5.4722      5.5006       11.6483318855    0.1451299821E+00
        1        1       51      5.4722      5.5004       11.6349446258    0.1440862545E+00
        1        1       51      5.4722      5.5001       11.6222981974    0.1439431936E+00
        1        1       51      5.4722      5.4998       11.6103599032    0.1452151194E+00
        1        1       51      5.4722      5.4996       11.5991020375    0.1486019608E+00
        1        1       51      5.4722      5.4994       11.5884869294    0.1550715697E+00
        1        1       51      5.4722      5.4991       11.5784637277    0.1659884096E+00
        1        1       51      5.4722      5.4989       11.5689856007    0.1833372080E+00
        1        1       51      5.4722      5.4987       11.5600118778    0.2102395214E+00
        1        1       51      5.4722      5.4985       11.5515015466    0.2520953525E+00
        1        1       51      5.4722      5.4983       11.5434174450    0.3196184519E+00
        1        1       51      5.4722      5.4981       11.5357219956    0.4381308936E+00
        1        1       51      5.4722      5.4979       11.5283821550    0.6863464489E+00
        1        1       51      5.4722      5.4977       11.5213744121    0.1493216300E+01
        1        1       51      5.4722      5.4973       11.5146603491    0.2983432416E+02
        1        1       51      5.4722      5.4954       11.5082310104    0.3144240909E+02
        1        1       51      5.4722      5.4935       11.5020610039    0.3126849518E+02
        1        1       51      5.4722      5.4917       11.4897161165    0.2218820765E+02
        1        1       51      5.4722      5.4900       11.4669511069    0.4005718306E+01
        1        1       51      5.4722      5.4884       11.4445029556    0.3742012539E+01
        1        1       51      5.4722      5.4868       11.4224407336    0.3471078672E+01
        1        1       51      5.4722      5.4853       11.4008510308    0.3192913743E+01
        1        1       51      5.4722      5.4839       11.3798496219    0.2906897990E+01
        1        1       51      5.4722      5.4826       11.3595668117    0.2611325064E+01
        1        1       51      5.4722      5.4813       11.3401953012    0.2303110661E+01
        1        1       51      5.4722      5.4801       11.3219876198    0.1978034413E+01
        1        1       51      5.4722      5.4790       11.3053013961    0.1632451017E+01
        1        1       51      5.4722      5.4780       11.2905732697    0.1271612717E+01
        1        1       51      5.4722      5.4771       11.2782231838    0.9249820643E+00
        1        1       51      5.4722      5.4762       11.2682477520    0.6382361769E+00
        1        1       51      5.4722      5.4755       11.2602726217    0.4358215668E+00
        1        1       51      5.4722      5.4748       11.2537843546    0.3063033404E+00
        1        1       51      5.4722      5.4742       11.2483812182    0.2243296487E+00
        1        1       51      5.4722      5.4737       11.2438004544    0.1691328749E+00
        1        1       51      5.4722      5.4732       11.2399208044    0.1283809565E+00
        1        1       51      5.4722      5.4728       11.2366937324    0.9573153008E-01
        1        1       51      5.4722      5.4726       11.2341091298    0.6805282501E-01
        1        1       51      5.4722      5.4723       11.2322125709    0.4363748398E-01
        1        1       51      5.4722      5.4722       11.2310413516    0.2129984429E-01
        1        1       51      5.4722      5.4722       11.2306481724    0.6554612170E-06
        1        1       51      5.4722      5.4722       11.3021256773    0.8630510719E-01
        1        1       51      5.4722      5.4722       11.3055605799    0.1769391510E+00
        1        1       51      5.4722      5.4723       11.3111547570    0.2761887162E+00
        1        1       51      5.4722      5.4724       11.3186578193    0.3879406103E+00
        1        1       51      5.4722      5.4724       11.3278690762    0.5151277757E+00
        1        1       51      5.4722      5.4726       11.3386014205    0.6594939418E+00
        1        1       51      5.4722      5.4727       11.3507152246    0.8217292475E+00
        1        1       51      5.4722      5.4728       11.3640630155    0.1001608355E+01
        1        1       51      5.4722      5.4730       11.3785394513    0.1198318344E+01
        1        1       51      5.4722      5.4732       11.3940348625    0.1410520055E+01
        1        1       51      5.4722      5.4734       11.4104371760    0.1636723825E+01
        1        1       51      5.4722      5.4737       11.4276923469    0.1875316802E+01
        1        1       51      5.4722      5.4739       11.4457019910    0.2886827469E+02
        1        1       51      5.4722      5.4742       11.4556748786    0.2866360727E+02
        1        1       51      5.4722      5.4745       11.4606960068    0.4012183013E+02
        1        1       51      5.4722      5.4748       11.4662114971    0.3973523139E+02
        1        1       51      5.4722      5.4751       11.4722469699    0.3930446869E+02
        1        1       51      5.4722      5.4755       11.4788422461    0.3882865143E+02
        1        1       51      5.4722      5.4758       11.4859908495    0.3830744377E+02
        1        1       51      5.4722      5.4762       11.4937286863    0.3774194095E+02
        1        1       51      5.4722      5.4766       11.5020494965    0.3713489492E+02
        1        1       51      5.4722      5.4770       11.5109819245    0.3648944191E+02
        1        1       51      5.4722      5.4774       11.5205129845    0.3581074022E+02
        1        1       51      5.4722      5.4779       11.5306426739    0.3510367323E+02
        1        1       51      5.4722      5.4783       11.5413654050    0.3437511425E+02
        1        1       51      5.4722      5.4788       11.5526658856    0.3363152436E+02
        1        1       51      5.4722      5.4793       11.5645259812    0.3287869100E+02
        1        1       51      5.4722      5.4798       11.5769202844    0.3212335076E+02
        1        1       51      5.4722      5.4803       11.5898268917    0.3137187496E+02
        1        1       51      5.4722      5.4808       11.6032032730    0.3062858566E+02
        1        1       51      5.4722      5.4813       11.6170309145    0.2989833212E+02
        1        1       51      5.4722      5.4819       11.6312650227    0.2918463688E+02
        1        1       51      5.4722      5.4825       11.6458707918    0.2849043858E+02
        1        1       51      5.4722      5.4830       11.6608244229    0.2781839865E+02
        1        1       51      5.4722      5.4836       11.6760891040    0.2717000771E+02
        1        1       51      5.4722      5.4842       11.6916358905    0.2654610667E+02
        1        1       51      5.4722      5.4848       11.7074319594    0.2594709418E+02
        1        1       51      5.4722      5.4854       11.7234463749    0.2537427606E+02
        1        1       51      5.4722      5.4860       11.7396526973    0.2482676878E+02
        1        1       51      5.4722      5.4866       11.7560098701    0.2430431718E+02
        1        1       51      5.4722      5.4873       11.7725021319    0.2380666362E+02
        1        1       51      5.4722      5.4879       11.7890993915    0.2333371887E+02
        1        1       51      5.4722      5.4885       11.8057790601    0.2288478495E+02
        1        1       51      5.4722      5.4892       11.8225186309    0.2245921093E+02
        1        1       51      5.4722      5.4899       11.8393001441    0.2205692052E+02
        1        1       51      5.4722      5.4905       11.8560765643    0.2167727728E+02
        1        1       51      5.4722      5.4912       11.8728447746    0.2131926296E+02
        1        1       51      5.4722      5.4919       11.8895872952    0.2098296642E+02
        1        1       51      5.4722      5.4925       11.9062521344    0.2066807834E+02
        1        1       51      5.4722      5.4932       11.9228334887    0.2037452022E+02
        1        1       51      5.4722      5.4925       11.9062521344    0.2066807834E+02
        1        1       51      5.4722      5.4919       11.8895872952    0.2098296642E+02
        1        1       51      5.4722      5.4912       11.8728447746    0.2131926296E+02
        1        1       51      5.4722      5.4905       11.8560765643    0.2167727728E+02
        1        1       51      5.4722      5.4899       11.8393001441    0.2205692052E+02
        1        1       51      5.4722      5.4892       11.8225186309    0.2245921093E+02
        1        1       51      5.4722      5.4885       11.8057790601    0.2288478495E+02
        1        1       51      5.4722      5.4879       11.7890993915    0.2333371887E+02
        1        1       51      5.4722      5.4873       11.7725021319    0.2380666362E+02
        1        1       51      5.4722      5.4866       11.7560098701    0.2430431718E+02
        1        1       51      5.4722      5.4860       11.7396526973    0.2482676878E+02
        1        1       51      5.4722      5.4854       11.7234463749    0.2537427606E+02
        1        1       51      5.4722      5.4848       11.7074319594    0.2594709418E+02
        1        1       51      5.4722      5.4842       11.6916358905    0.2654610667E+02
        1        1       51      5.4722      5.4836       11.6760891040    0.2717000771E+02
        1        1       51      5.4722      5.4830       11.6608244229    0.2781839865E+02
        1        1       51      5.4722      5.4825       11.6458707918    0.2849043858E+02
        1        1       51      5.4722      5.4819       11.6312650227    0.2918463688E+02
        1        1       51      5.4722      5.4813       11.6170309145    0.2989833212E+02
        1        1       51      5.4722      5.4808       11.6032032730    0.3062858566E+02
        1        1       51      5.4722      5.4803       11.5898268917    0.3137187496E+02
        1        1       51      5.4722      5.4798       11.5769202844    0.3212335076E+02
        1        1       51      5.4722      5.4793       11.5645259812    0.3287869100E+02
        1        1       51      5.4722      5.4788       11.5526658856    0.3363152436E+02
        1        1       51      5.4722      5.4783       11.5413654050    0.3437511425E+02
        1        1       51      5.4722      5.4779       11.5306426739    0.3510367323E+02
        1        1       51      5.4722      5.4774       11.5205129845    0.3581074022E+02
        1        1       51      5.4722      5.4770       11.5109819245    0.3648944191E+02
        1        1       51      5.4722      5.4766       11.5020494965    0.3713489492E+02
        1        1       51      5.4722      5.4762       11.4937286863    0.3774194095E+02
        1        1       51      5.4722      5.4758       11.4859908495    0.3830744377E+02
        1        1       51      5.4722      5.4755       11.4788422461    0.3882865143E+02
        1        1       51      5.4722      5.4751       11.4722469699    0.3930446869E+02
        1        1       51      5.4722      5.4748       11.4662114971    0.3973523139E+02
        1        1       51      5.4722      5.4745       11.4606960068    0.4012183013E+02
        1        1       51      5.4722      5.4742       11.4556748786    0.2866360727E+02
        1        1       51      5.4722      5.4739       11.4457019910    0.2886827469E+02
        1        1       51      5.4722      5.4737       11.4276923469    0.1875316802E+01
        1        1       51      5.4722      5.4734       11.4104371760    0.1636723825E+01
        1        1       51      5.4722      5.4732       11.3940348625    0.1410520055E+01
        1        1       51      5.4722      5.4730       11.3785394513    0.1198318344E+01
        1        1       51      5.4722      5.4728       11.3640630155    0.1001608355E+01
        1        1       51      5.4722      5.4727       11.3507152246    0.8217292475E+00
        1        1       51      5.4722      5.4726       11.3386014205    0.6594939418E+00
        1        1       51      5.4722      5.4724       11.3278690762    0.5151277757E+00
        1        1       51      5.4722      5.4724       11.3186578193    0.3879406103E+00
        1        1       51      5.4722      5.4723       11.3111547570    0.2761887162E+00
        1        1       51      5.4722      5.4722       11.3055605799    0.1769391510E+00
        1        1       51      5.4722      5.4722       11.3021256773    0.8630510719E-01
        1        1       51      5.4722      5.4722       11.2306481724    0.6554612170E-06
        1        1       51      5.4722      5.4725       11.2333298876    0.5874869930E-01
        1        1       51      5.4722      5.4733       11.2408779660    0.1381361452E+00
        1        1       51      5.4722      5.4747       11.2531700087    0.2958624399E+00
        1        1       51      5.4722      5.4767       11.2732184290    0.7792129784E+00
        1        1       51      5.4722      5.4792       11.3078177637    0.1688375663E+01
        1        1       51      5.4722      5.4823       11.3554115976    0.2547632521E+01
        1        1       51      5.4722      5.4859       11.4098748811    0.3310962129E+01
        1        1       51      5.4722      5.4901       11.4681428965    0.4019379717E+01
        1        1       51      5.4722      5.4948       11.5062569197    0.3139082406E+02
        1        1       51      5.4722      5.4978       11.5235558165    0.1094660946E+01
        1        1       51      5.4722      5.4983       11.5430029160    0.3242467787E+00
        1        1       51      5.4722      5.4988       11.5651482371    0.1932600608E+00
        1        1       51      5.4722      5.4994       11.5906721996    0.1533928210E+00
        1        1       51      5.4722      5.5001       11.6203669566    0.1440346333E+00
        1        1       51      5.4722      5.5008       11.6549376315    0.1458242998E+00
        1        1       51      5.4722      5.5015       11.6947021167    0.1504774485E+00
        1        1       51      5.4722      5.5024       11.7392861081    0.1541108303E+00
        1        1       51      5.4722      5.5033       11.7874053052    0.1547282230E+00
        1        1       51      5.4722      5.5042       11.8369550982    0.1510994183E+00
        1        1       51      5.4722      5.5052       11.8851246957    0.1424779298E+00
        1        1       51      5.4722      5.5063       11.9286435090    0.1452462919E+01
        1        1       51      5.4722      5.5074       11.9764771887    0.2062050972E+01
        1        1       51      5.4722      5.5086       12.0261040703    0.2051043504E+01
        1        1       51      5.4722      5.5099       12.0732860440    0.2020179422E+01
        1        1       51      5.4722      5.5112       12.1178871204    0.1973159693E+01
        1        1       51      5.4722      5.5126       12.1598718961    0.1914012993E+01
        1        1       51      5.4722      5.5140       12.1992055897    0.1846644915E+01
        1        1       51      5.4722      5.5155       12.2359477538    0.1774558387E+01
        1        1       51      5.4722      5.5171       12.2701452634    0.1701011393E+01
        1        1       51      5.4722      5.5187       12.3019079913    0.1628487766E+01
        1        1       51      5.4722      5.5203       12.3313062604    0.1559108297E+01
        1        1       51      5.4722      5.5220       12.3584534961    0.1494577637E+01
        1        1       51      5.4722      5.5238       12.3834198895    0.1436214426E+01
        1        1       51      5.4722      5.5255       12.4063036491    0.1384790703E+01
        1        1       51      5.4722      5.5274       12.4272079347    0.1341102700E+01
        1        1       51      5.4722      5.5292       12.4461649071    0.1305457008E+01
        1        1       51      5.4722      5.5311       12.4632759577    0.1278405276E+01
        1        1       51      5.4722      5.5331       12.4785727509    0.1259322851E+01
        1        1       51      5.4722      5.5350       12.4921169200    0.1248122364E+01
        1        1       51      5.4722      5.5370       12.5039474525    0.1244225506E+01
        1        1       51      5.4722      5.5390       12.5141284650    0.1246766785E+01
        1        1       51      5.4722      5.5411       12.5226853137    0.1254993995E+01
        1        1       51      5.4722      5.5432       12.5296555303    0.1267851832E+01
        1        1       51      5.4722      5.5452       12.5350174496    0.1284521196E+01
        1        1       51      5.4722      5.5474       12.5388489682    0.1303944852E+01
        1        1       51      5.4722      5.5495       12.5411288325    0.1325227517E+01
        1        1       51      5.4722      5.5517       12.5418716624    0.1347267459E+01
        1        1       51      5.4722      5.5538       12.5411075716    0.1369282263E+01
        1        1       51      5.4722      5.5560       12.5388087604    0.1390563308E+01
        1        1       51      5.4722      5.5583       12.5349895097    0.1410274700E+01
        1        1       51      5.4722      5.5605       12.5296247720    0.1427891257E+01
        1        1       51      5.4722      5.5628       12.5227151488    0.1442775799E+01
        1        1       51      5.4722      5.5651       12.5142232980    0.1454448919E+01
        1        1       51      5.4722      5.5674       12.5041393080    0.1462324385E+01
        1        1       51      5.4722      5.5697       12.4924161119    0.1466109967E+01
        1        1       51      5.4722      5.5721       12.4790563222    0.1465393964E+01
        1        1       51      5.4722      5.5745       12.4639917288    0.1459896822E+01
        1        1       51      5.4722      5.5770       12.4471939722    0.1449422389E+01
        1        1       51      5.4722      5.5795       12.4286078746    0.1433694576E+01
        1        1       51      5.4722      5.5820       12.4082129073    0.1412668556E+01
        1        1       51      5.4722      5.5846       12.3859343870    0.1386326973E+01
        1        1       51      5.4722      5.5872       12.3617112815    0.1354664659E+01
        1        1       51      5.4722      5.5899       12.3354830845    0.1317741328E+01
        1        1       51      5.4722      5.5927       12.3071952165    0.1275752195E+01
        1        1       51      5.4722      5.5955       12.2768015533    0.1229038408E+01
        1        1       51      5.4722      5.5983       12.2442412930    0.1178063878E+01
        1        1       51      5.4722      5.6012       12.2094707673    0.1123455105E+01
        1        1       51      5.4722      5.6042       12.1724586192    0.1066112878E+01
        1        1       51      5.4722      5.6072       12.1331766912    0.1007240779E+01
        1        1       51      5.4722      5.6103       12.0916370318    0.9483542900E+00
        1        1       51      5.4722      5.6135       12.0478738506    0.8915801906E+00
        1        1       51      5.4722      5.6166       12.0019408884    0.8393835922E+00
        1        1       51      5.4722      5.6199       11.9539801614    0.7947764970E+00
        1        1       51      5.4722      5.6232       11.9041669439    0.7608618241E+00
        1        1       51      5.4722      5.6265       11.8527917178    0.7404175894E+00
        1        1       51      5.4722      5.6298       11.8002279974    0.7349694378E+00
        1        1       51      5.4722      5.6332       11.7469728709    0.7441265537E+00
        1        1       51      5.4722      5.6366       11.6936321441    0.7652882180E+00
        1        1       51      5.4722      5.6400       11.6409411132    0.7939446913E+00
        1        1       51      5.4722      5.6435       11.5897630249    0.8245466308E+00
        1        1       51      5.4722      5.6469       11.5409681211    0.8513140270E+00
        1        1       51      5.4722      5.6504       11.4954221856    0.8691652414E+00
        1        1       51      5.4722      5.6538       11.4550387095    0.6186171947E+00
        1        1       51      5.4722      5.6572       11.4553430102    0.2082390332E-01
        1        1       51      5.4722      5.6606       11.4563512822    0.1433086871E-01
        1        1       51      5.4722      5.6640       11.4579474386    0.8794829677E-02
        1        1       51      5.4722      5.6673       11.4601111861    0.4766846881E-02
        1        1       51      5.4722      5.6707       11.4627982769    0.3780537137E-02
        1        1       51      5.4722      5.6739       11.4660241729    0.5309629502E-02
        1        1       51      5.4722      5.6772       11.4698031890    0.6774700507E-02
        1        1       51      5.4722      5.6804       11.4741837622    0.7435746105E-02
        1        1       51      5.4722      5.6836       11.4792129787    0.7137221711E-02
        1        1       51      5.4722      5.6867       11.4849549027    0.5830175464E-02
        1        1       51      5.4722      5.6899       11.4915135180    0.3475319389E-02
        1        1       51      5.4722      5.6929       11.4989693470    0.9043252735E-05
        1        1       51      5.4722      5.6902       11.4954767761    0.1070360012E+00
        1        1       51      5.4722      5.6881       11.4997809296    0.2269366239E+00
        1        1       51      5.4722      5.6864       11.5113939964    0.3555023319E+00
        1        1       51      5.4722      5.6852       11.5297052068    0.4888601380E+00
        1        1       51      5.4722      5.6845       11.5540610029    0.6234390059E+00
        1        1       51      5.4722      5.6843       11.5838303717    0.7558259665E+00
        1        1       51      5.4722      5.6845       11.6183138106    0.8827702000E+00
        1        1       51      5.4722      5.6853       11.6568616095    0.1001304868E+01
        1        1       51      5.4722      5.6865       11.6988249132    0.1108945476E+01
        1        1       51      5.4722      5.6883       11.7435481371    0.1203809235E+01
        1        1       51      5.4722      5.6904       11.7903931524    0.1284773667E+01
        1        1       51      5.4722      5.6931       11.8387835297    0.1351450343E+01
        1        1       51      5.4722      5.6962       11.8881850698    0.1404093972E+01
        1        1       51      5.4722      5.6997       11.9380920514    0.1443661940E+01
        1        1       51      5.4722      5.7036       11.9880502304    0.1471193416E+01
        1        1       51      5.4722      5.7080       12.0377318444    0.1487280683E+01
        1        1       51      5.4722      5.7127       12.0868014053    0.1490579766E+01
        1        1       51      5.4722      5.7177       12.1350638428    0.1475505253E+01
        1        1       51      5.4722      5.7227       12.1823820563    0.1434103334E+01
        1        1       51      5.4722      5.7277       12.2287272478    0.1378788650E+01
        1        1       51      5.4722      5.7325       12.2741689266    0.1351891313E+01
        1        1       51      5.4722      5.7374       12.3189421176    0.1370991441E+01
        1        1       51      5.4722      5.7425       12.3634063967    0.1425643735E+01
        1        1       51      5.4722      5.7479       12.4081327661    0.1505328005E+01
        1        1       51      5.4722      5.7537       12.4539182466    0.1603133200E+01
        1        1       51      5.4722      5.7598       12.5017764770    0.1711150420E+01
        1        1       51      5.4722      5.7663       12.5525756363    0.1818006505E+01
        1        1       51      5.4722      5.7731       12.6066978708    0.1911784712E+01
        1        1       51      5.4722      5.7803       12.6635589624    0.1987034847E+01
        1        1       51      5.4722      5.7879       12.7218388714    0.2046847275E+01
        1        1       51      5.4722      5.7958       12.7799541124    0.2098201884E+01
        1        1       51      5.4722      5.8041       12.8364512011    0.2146884088E+01
        1        1       51      5.4722      5.8127       12.8901876130    0.2195783552E+01
        1        1       51      5.4722      5.8217       12.9403809962    0.2245125153E+01
        1        1       51      5.4722      5.8310       12.9865498484    0.2293401755E+01
        1        1       51      5.4722      5.8406       13.0285259663    0.2338214937E+01
        1        1       51      5.4722      5.8506       13.0663408783    0.2377402162E+01
        1        1       51      5.4722      5.8609       13.1002683383    0.2409284406E+01
        1        1       51      5.4722      5.8715       13.1306706205    0.2433005891E+01
        1        1       51      5.4722      5.8824       13.1579974729    0.2448453042E+01
        1        1       51      5.4722      5.8936       13.1826955699    0.2455819258E+01
        1        1       51      5.4722      5.9050       13.2051791396    0.2455456334E+01
        1        1       51      5.4722      5.9168       13.2257940736    0.2447496017E+01
        1        1       51      5.4722      5.9289       13.2448693095    0.2431619583E+01
        1        1       51      5.4722      5.9412       13.2626422127    0.2406769499E+01
        1        1       51      5.4722      5.9538       13.2793234813    0.2370613218E+01
        1        1       51      5.4722      5.9667       13.2950394450    0.2318040623E+01
        1        1       51      5.4722      5.9797       13.3099277287    0.2236112722E+01
        1        1       51      5.4722      5.9930       13.3240279755    0.2082937795E+01
        1        1       51      5.4722      6.0063       13.3373799544    0.1600976140E+01
        1        1       51      5.4722      6.0130       13.3499810430    0.3055693658E+01
        1        1       51      5.4722      6.0072       13.3617842900    0.3990002576E+01
        1        1       51      5.4722      5.9995       13.3726963919    0.4294577583E+01
        1        1       51      5.4722      5.9909       13.3825907683    0.4522728390E+01
        1        1       51      5.4722      5.9818       13.3912882801    0.4729187851E+01
        1        1       51      5.4722      5.9724       13.3986898022    0.4924762205E+01
        1        1       51      5.4722      5.9628       13.4048623471    0.5094827809E+01
        1        1       51      5.4722      5.9532       13.4103796710    0.5186231459E+01
        1        1       51      5.4722      5.9436       13.4168848126    0.5085495612E+01
        1        1       51      5.4722      5.9341       13.4268508298    0.4700401564E+01
        1        1       51      5.4722      5.9248       13.4414723772    0.4149646401E+01
        1        1       51      5.4722      5.9156       13.4596806574    0.3629852224E+01
        1        1       51      5.4722      5.9066       13.4798148095    0.3207695407E+01
        1        1       51      5.4722      5.8978       13.5008170420    0.2872198071E+01
        1        1       51      5.4722      5.8893       13.5220722135    0.2600701980E+01
        1        1       51      5.4722      5.8810       13.5432729625    0.2375370037E+01
        1        1       51      5.4722      5.8730       13.5642202748    0.2184653281E+01
        1        1       51      5.4722      5.8652       13.5847836372    0.2020833376E+01
        1        1       51      5.4722      5.8577       13.6048893383    0.1878760401E+01
        1        1       51      5.4722      5.8505       13.6244597007    0.1755294211E+01
        1        1       51      5.4722      5.8435       13.6434645805    0.1647704853E+01
        1        1       51      5.4722      5.8369       13.6618491745    0.1553919586E+01
        1        1       51      5.4722      5.8306       13.6795572373    0.1472647596E+01
        1        1       51      5.4722      5.8246       13.6965719647    0.1401936745E+01
        1        1       51      5.4722      5.8190       13.7128511483    0.1340255203E+01
        1        1       51      5.4722      5.8137       13.7283892265    0.1285883043E+01
        1        1       51      5.4722      5.8087       13.7431381978    0.1236860632E+01
        1        1       51      5.4722      5.8041       13.7571277370    0.1191234272E+01
        1        1       51      5.4722      5.7999       13.7703316902    0.1147272096E+01
        1        1       51      5.4722      5.7961       13.7827750542    0.1103485395E+01
        1        1       51      5.4722      5.7927       13.7944952859    0.1058533601E+01
        1        1       51      5.4722      5.7897       13.8054681380    0.1011728275E+01
        1        1       51      5.4722      5.7872       13.8157707278    0.9626908372E+00
        1        1       51      5.4722      5.7851       13.8254357869    0.9113870896E+00
        1        1       51      5.4722      5.7835       13.8344825578    0.8580033743E+00
        1        1       51      5.4722      5.7823       13.8429305663    0.8028127333E+00
        1        1       51      5.4722      5.7816       13.8508057718    0.7459309751E+00
        1        1       51      5.4722      5.7814       13.8581427933    0.6879600107E+00
        1        1       51      5.4722      5.7817       13.8649748650    0.6290585902E+00
        1        1       51      5.4722      5.7825       13.8713295138    0.5695117368E+00
        1        1       51      5.4722      5.7838       13.8772590507    0.5095326744E+00
        1        1       51      5.4722      5.7857       13.8827784144    0.4493714648E+00
        1        1       51      5.4722      5.7880       13.8879337055    0.3891522362E+00
        1        1       51      5.4722      5.7908       13.8927854592    0.3292697978E+00
        1        1       51      5.4722      5.7941       13.8973858197    0.2701133469E+00
        1        1       51      5.4722      5.7979       13.9017673558    0.2124039077E+00
        1        1       51      5.4722      5.8022       13.9060233590    0.1564838445E+00
        1        1       51      5.4722      5.8070       13.9103360610    0.1028006901E+00
        1        1       51      5.4722      5.8123       13.9150373343    0.5102384623E-01
        1        1       51      5.4722      5.8180       13.9207439580    0.2598233769E-04
        1        1       51      5.4722      5.8120       13.9154709592    0.1636110513E-01
        1        1       51      5.4722      5.8061       13.9117021180    0.3240427832E-01
        1        1       51      5.4722      5.8003       13.9084585520    0.5074806476E-01
        1        1       51      5.4722      5.7945       13.9051504641    0.7160063560E-01
        1        1       51      5.4722      5.7888       13.9015035464    0.9448569511E-01
        1        1       51      5.4722      5.7831       13.8973482902    0.1189872974E+00
        1        1       51      5.4722      5.7775       13.8926050320    0.1447433709E+00
        1        1       51      5.4722      5.7720       13.8872367185    0.1715160981E+00
        1        1       51      5.4722      5.7665       13.8812208593    0.1990361104E+00
        1        1       51      5.4722      5.7611       13.8745478513    0.2272745517E+00
        1        1       51      5.4722      5.7558       13.8671945161    0.2561117967E+00
        1        1       51      5.4722      5.7505       13.8591683070    0.2854679292E+00
        1        1       51      5.4722      5.7453       13.8504558446    0.3154761959E+00
        1        1       51      5.4722      5.7401       13.8410579493    0.3461748533E+00
        1        1       51      5.4722      5.7350       13.8310014396    0.3776771289E+00
        1        1       51      5.4722      5.7299       13.8202649812    0.4101890990E+00
        1        1       51      5.4722      5.7249       13.8088824776    0.4438664357E+00
        1        1       51      5.4722      5.7199       13.7968212633    0.4790656626E+00
        1        1       51      5.4722      5.7149       13.7840902758    0.5161689781E+00
        1        1       51      5.4722      5.7100       13.7707045827    0.5555323044E+00
        1        1       51      5.4722      5.7050       13.7566506738    0.5975275487E+00
        1        1       51      5.4722      5.7001       13.7419648586    0.6425087474E+00
        1        1       51      5.4722      5.6952       13.7266280855    0.6910894990E+00
        1        1       51      5.4722      5.6903       13.7106739295    0.7436194849E+00
        1        1       51      5.4722      5.6854       13.6940768732    0.8005707915E+00
        1        1       51      5.4722      5.6805       13.6768547081    0.8626451207E+00
        1        1       51      5.4722      5.6755       13.6590603489    0.9301947416E+00
        1        1       51      5.4722      5.6706       13.6406328403    0.1003903718E+01
        1        1       51      5.4722      5.6656       13.6216134504    0.1084179997E+01
        1        1       51      5.4722      5.6606       13.6020096058    0.1171689532E+01
        1        1       51      5.4722      5.6557       13.5818294043    0.1267073553E+01
        1        1       51      5.4722      5.6507       13.5611064635    0.1371025096E+01
        1        1       51      5.4722      5.6456       13.5398195623    0.1484168316E+01
        1        1       51      5.4722      5.6406       13.5180188892    0.1607185759E+01
        1        1       51      5.4722      5.6356       13.4956825192    0.1740765463E+01
        1        1       51      5.4722      5.6306       13.4727943684    0.1885946394E+01
        1        1       51      5.4722      5.6256       13.4494348315    0.2043577362E+01
        1        1       51      5.4722      5.6206       13.4255887163    0.2214204744E+01
        1        1       51      5.4722      5.6157       13.4012721809    0.2398848522E+01
        1        1       51      5.4722      5.6108       13.3764769944    0.2598339581E+01
        1        1       51      5.4722      5.6059       13.3512412693    0.2814054756E+01
        1        1       51      5.4722      5.6011       13.3255526817    0.3046649881E+01
        1        1       51      5.4722      5.5964       13.2994785911    0.3297706534E+01
        1        1       51      5.4722      5.5917       13.2730351697    0.3567942477E+01
        1        1       51      5.4722      5.5872       13.2461905981    0.3858373457E+01
        1        1       51      5.4722      5.5827       13.2189718867    0.4170557399E+01
        1        1       51      5.4722      5.5784       13.1914373436    0.4505351101E+01
        1        1       51      5.4722      5.5742       13.1635603201    0.4863860402E+01
        1        1       51      5.4722      5.5701       13.1353771887    0.5247053312E+01
        1        1       51      5.4722      5.5661       13.1069091461    0.5655682261E+01
        1        1       51      5.4722      5.5622       13.0782131104    0.6089948753E+01
        1        1       51      5.4722      5.5585       13.0492462057    0.6550902830E+01
        1        1       51      5.4722      5.5550       13.0200697756    0.7037720673E+01
        1        1       51      5.4722      5.5515       12.9906794181    0.7549942120E+01
        1        1       51      5.4722      5.5482       12.9610801868    0.8086602802E+01
        1        1       51      5.4722      5.5450       12.9312863848    0.8645553228E+01
        1        1       51      5.4722      5.5420       12.9012932862    0.9223776979E+01
        1        1       51      5.4722      5.5391       12.8710830352    0.9817799390E+01
        1        1       51      5.4722      5.5363       12.8406353040    0.8245243230E+01
        1        1       51      5.4722      5.5336       12.8099077164    0.8720259621E+01
        1        1       51      5.4722      5.5310       12.7788183447    0.9197386642E+01
        1        1       51      5.4722      5.5285       12.7436871048    0.9672197398E+01
        1        1       51      5.4722      5.5261       12.7077217432    0.1013979764E+02
        1        1       51      5.4722      5.5238       12.6715609869    0.6704653541E+01
        1        1       51      5.4722      5.5216       12.6353466277    0.7028566938E+01
        1        1       51      5.4722      5.5194       12.5991898818    0.7368171772E+01
        1        1       51      5.4722      5.5173       12.5633141668    0.7731655257E+01
        1        1       51      5.4722      5.5153       12.5279989537    0.8134042190E+01
        1        1       51      5.4722      5.5133       12.4936548901    0.1251427055E+02
        1        1       51      5.4722      5.5113       12.4564790483    0.1280447746E+02
        1        1       51      5.4722      5.5094       12.4100438496    0.1562887514E+02
        1        1       51      5.4722      5.5075       12.3596817691    0.1547909978E+02
        1        1       51      5.4722      5.5057       12.3048836432    0.1516001056E+02
        1        1       51      5.4722      5.5038       12.2453312564    0.1467914169E+02
        1        1       51      5.4722      5.5020       12.1809644004    0.1405788497E+02
        1        1       51      5.4722      5.5002       12.1119394973    0.1332152858E+02
        1        1       51      5.4722      5.4984       12.0415726667    0.1597049749E+02
        1        1       51      5.4722      5.4967       12.0034650587    0.1921727660E+02
        1        1       51      5.4722      5.4949       11.9637253335    0.1973187854E+02
        1        1       51      5.4722      5.4932       11.9228334887    0.2037452022E+02
        1        1       51      5.4722      5.4915       11.8812286288    0.2114828118E+02
        1        1       51      5.4722      5.4899       11.8393001441    0.2205692052E+02
        1        1       51      5.4722      5.4882       11.7974292895    0.2310617560E+02
        1        1       51      5.4722      5.4866       11.7560098701    0.2430431718E+02
        1        1       51      5.4722      5.4851       11.7154170253    0.2565739948E+02
        1        1       51      5.4722      5.4836       11.6760891040    0.2717000771E+02
        1        1       51      5.4722      5.4822       11.6385200419    0.2883508121E+02
        1        1       51      5.4722      5.4808       11.6032032730    0.3062858566E+02
        1        1       51      5.4722      5.4795       11.5706586042    0.3250067980E+02
        1        1       51      5.4722      5.4783       11.5413654050    0.3437511425E+02
        1        1       51      5.4722      5.4772       11.5156691058    0.3615393796E+02
        1        1       51      5.4722      5.4762       11.4937286863    0.3774194095E+02
        1        1       51      5.4722      5.4753       11.4754782469    0.3907229316E+02
        1        1       51      5.4722      5.4745       11.4606960068    0.4012183013E+02
        1        1       51      5.4722      5.4738       11.4366099795    0.1998698204E+01
        1        1       51      5.4722      5.4732       11.3940348625    0.1410520055E+01
        1        1       51      5.4722      5.4728       11.3572430927    0.9095132223E+00
        1        1       51      5.4722      5.4724       11.3278690762    0.5151277757E+00
        1        1       51      5.4722      5.4723       11.3081055207    0.2252259877E+00
        1        1       51      5.4722      5.4722       11.2306481724    0.6554612170E-06
        1        1       51      5.4722      5.4722       11.2712156684    0.3050452682E+03
        1        1       51      5.4722      5.4724       11.2807415979    0.1490427361E+03
        1        1       51      5.4722      5.4726       11.2958582177    0.9670917150E+02
        1        1       51      5.4722      5.4729       11.3159159429    0.7076646041E+02
        1        1       51      5.4722      5.4733       11.3403092717    0.5549273572E+02
        1        1       51      5.4722      5.4738       11.3684941004    0.4554169815E+02
        1        1       51      5.4722      5.4744       11.3999349128    0.3859421484E+02
        1        1       51      5.4722      5.4751       11.4341391788    0.3348820748E+02
        1        1       51      5.4722      5.4759       11.4706169134    0.2957859535E+02
        1        1       51      5.4722      5.4767       11.5089128233    0.2648401080E+02
        1        1       51      5.4722      5.4776       11.5485823546    0.2396657433E+02
        1        1       51      5.4722      5.4787       11.5892018442    0.2186901857E+02
        1        1       51      5.4722      5.4798       11.6303859456    0.2008535565E+02
        1        1       51      5.4722      5.4810       11.6717795844    0.1854044107E+02
        1        1       51      5.4722      5.4823       11.7130663960    0.1717961079E+02
        1        1       51      5.4722      5.4836       11.7538835987    0.1596510467E+02
        1        1       51      5.4722      5.4851       11.7939291964    0.1486659860E+02
        1        1       51      5.4722      5.4866       11.8328808431    0.1386279020E+02
        1        1       51      5.4722      5.4882       11.8704537486    0.1293755071E+02
        1        1       51      5.4722      5.4899       11.9063788053    0.1208008246E+02
        1        1       51      5.4722      5.4917       11.9403610367    0.1128268353E+02
        1        1       51      5.4722      5.4936       11.9721640270    0.1054108070E+02
        1        1       51      5.4722      5.4955       12.0016023997    0.9854688568E+01
        1        1       51      5.4722      5.4975       12.0373730233    0.7402659887E+01
        1        1       51      5.4722      5.4996       12.0891910118    0.4891078189E+01
        1        1       51      5.4722      5.5018       12.1402988137    0.4819974085E+01
        1        1       51      5.4722      5.5040       12.1905270245    0.4738622046E+01
        1        1       51      5.4722      5.5063       12.2398477092    0.4647346520E+01
        1        1       51      5.4722      5.5087       12.2881757297    0.4547642655E+01
        1        1       51      5.4722      5.5112       12.3354983457    0.4440997570E+01
        1        1       51      5.4722      5.5137       12.3818418811    0.4329132980E+01
        1        1       51      5.4722      5.5163       12.4272218097    0.4213595832E+01
        1        1       51      5.4722      5.5190       12.4716183164    0.4096136161E+01
        1        1       51      5.4722      5.5218       12.5150946509    0.3977955516E+01
        1        1       51      5.4722      5.5247       12.5576564381    0.3859933800E+01
        1        1       51      5.4722      5.5276       12.5993483991    0.3743032200E+01
        1        1       51      5.4722      5.5306       12.6402061816    0.3628010071E+01
        1        1       51      5.4722      5.5336       12.6802586389    0.3515699621E+01
        1        1       51      5.4722      5.5368       12.7195490929    0.3406414798E+01
        1        1       51      5.4722      5.5400       12.7581024424    0.3300643615E+01
        1        1       51      5.4722      5.5433       12.7958888734    0.3198502912E+01
        1        1       51      5.4722      5.5467       12.8330347793    0.3100327729E+01
        1        1       51      5.4722      5.5501       12.8694935232    0.3006021853E+01
        1        1       51      5.4722      5.5536       12.9052992675    0.2915693844E+01
        1        1       51      5.4722      5.5572       12.9404446093    0.2829131224E+01
        1        1       51      5.4722      5.5608       12.9749684688    0.2746352126E+01
        1        1       51      5.4722      5.5645       13.0088669298    0.2667138742E+01
        1        1       51      5.4722      5.5683       13.0422015032    0.2591520088E+01
        1        1       51      5.4722      5.5721       13.0749389811    0.2519281772E+01
        1        1       51      5.4722      5.5760       13.1071070108    0.2450003554E+01
        1        1       51      5.4722      5.5800       13.1387061643    0.2383568920E+01
        1        1       51      5.4722      5.5840       13.1697287855    0.2319684212E+01
        1        1       51      5.4722      5.5881       13.2001810417    0.2258208639E+01
        1        1       51      5.4722      5.5923       13.2300530186    0.2198584106E+01
        1        1       51      5.4722      5.5965       13.2593662107    0.2140774192E+01
        1        1       51      5.4722      5.6008       13.2881489103    0.2084559633E+01
        1        1       51      5.4722      5.6051       13.3163780254    0.2029396854E+01
        1        1       51      5.4722      5.6095       13.3440388814    0.1975195398E+01
        1        1       51      5.4722      5.6139       13.3711480659    0.1921610327E+01
        1        1       51      5.4722      5.6184       13.3976993624    0.1868582272E+01
        1        1       51      5.4722      5.6230       13.4236911268    0.1815886078E+01
        1        1       51      5.4722      5.6276       13.4491286191    0.1763368124E+01
        1        1       51      5.4722      5.6322       13.4739749408    0.1710480064E+01
        1        1       51      5.4722      5.6369       13.4982482404    0.1657345327E+01
        1        1       51      5.4722      5.6416       13.5219483101    0.1603904254E+01
        1        1       51      5.4722      5.6464       13.5450810238    0.1549806092E+01
        1        1       51      5.4722      5.6512       13.5676219087    0.1495202664E+01
        1        1       51      5.4722      5.6561       13.5895194219    0.1439719661E+01
        1        1       51      5.4722      5.6610       13.6108649818    0.1383691494E+01
        1        1       51      5.4722      5.6660       13.6315642773    0.1326712565E+01
        1        1       51      5.4722      5.6710       13.6516998062    0.1269283730E+01
        1        1       51      5.4722      5.6760       13.6712128674    0.1210964002E+01
        1        1       51      5.4722      5.6811       13.6901240393    0.1152116394E+01
        1        1       51      5.4722      5.6862       13.7083798761    0.1092628784E+01
        1        1       51      5.4722      5.6913       13.7260225571    0.1032681383E+01
        1        1       51      5.4722      5.6965       13.7430198385    0.9724600863E+00
        1        1       51      5.4722      5.7017       13.7594106734    0.9121179235E+00
        1        1       51      5.4722      5.7069       13.7751300228    0.8518395827E+00
        1        1       51      5.4722      5.7122       13.7901971408    0.7917548926E+00
        1        1       51      5.4722      5.7175       13.8046073173    0.7322974710E+00
        1        1       51      5.4722      5.7228       13.8183568441    0.6736231243E+00
        1        1       51      5.4722      5.7282       13.8314287591    0.6159923175E+00
        1        1       51      5.4722      5.7336       13.8438482650    0.5596570853E+00
        1        1       51      5.4722      5.7390       13.8555984421    0.5049008282E+00
        1        1       51      5.4722      5.7444       13.8666388962    0.4520273313E+00
        1        1       51      5.4722      5.7499       13.8769926909    0.4014321644E+00
        1        1       51      5.4722      5.7553       13.8866585925    0.3531356028E+00
        1        1       51      5.4722      5.7608       13.8956221366    0.3075432947E+00
        1        1       51      5.4722      5.7663       13.9038870214    0.2648546525E+00
        1        1       51      5.4722      5.7719       13.9114629400    0.2252501712E+00
        1        1       51      5.4722      5.7774       13.9183122377    0.1888868842E+00
        1        1       51      5.4722      5.7830       13.9244583590    0.1558286649E+00
        1        1       51      5.4722      5.7885       13.9299001281    0.1262328860E+00
        1        1       51      5.4722      5.7941       13.9346211327    0.1000642906E+00
        1        1       51      5.4722      5.7997       13.9386320211    0.7723153599E-01
        1        1       51      5.4722      5.8053       13.9419482951    0.5761547431E-01
        1        1       51      5.4722      5.8109       13.9446003441    0.4096798747E-01
        1        1       51      5.4722      5.8166       13.9466275117    0.2678492040E-01
        1        1       51      5.4722      5.8222       13.9482950396    0.1911787311E-01
        1        1       51      5.4722      5.8278       13.9506628462    0.2256166173E-04
