        1        1        3      5.4722      5.4722        0.0000000478    0.1025435430E+00
        1        1        3      5.4722      5.4722        0.0409091656    0.1457551285E-02
        1        1        3      5.4722      5.4722        0.0819135778    0.2969270955E-02
        1        1        3      5.4722      5.4723        0.1233014087    0.3305699422E-02
        1        1        3      5.4722      5.4723        0.1665789843    0.1896596259E-01
        1        1        3      5.4722      5.4724        0.2145320251    0.7039576839E-01
        1        1        3      5.4722      5.4724        0.2636857781    0.1004182276E+00
        1        1        3      5.4722      5.4725        0.3122725869    0.1277904798E+00
        1        1        3      5.4722      5.4727        0.3602886739    0.1557235703E+00
        1        1        3      5.4722      5.4728        0.4078548876    0.1848278285E+00
        1        1        3      5.4722      5.4729        0.4550605181    0.2152005957E+00
        1        1        3      5.4722      5.4731        0.5019632674    0.2468050539E+00
        1        1        3      5.4722      5.4732        0.5485993485    0.2795630205E+00
        1        1        3      5.4722      5.4734        0.5949909422    0.3133832231E+00
        1        1        3      5.4722      5.4736        0.6411509686    0.3481711415E+00
        1        1        3      5.4722      5.4738        0.6870861021    0.3838326683E+00
        1        1        3      5.4722      5.4740        0.7327987084    0.4202754683E+00
        1        1        3      5.4722      5.4743        0.7782881172    0.4574094226E+00
        1        1        3      5.4722      5.4745        0.8235514796    0.4951467024E+00
        1        1        3      5.4722      5.4748        0.8685843588    0.5334016966E+00
        1        1        3      5.4722      5.4751        0.9133811473    0.5720908911E+00
        1        1        3      5.4722      5.4754        0.9579353657    0.6111327395E+00
        1        1        3      5.4722      5.4757        1.0022398833    0.6504475453E+00
        1        1        3      5.4722      5.4760        1.0462870819    0.6899573584E+00
        1        1        3      5.4722      5.4764        1.0900689810    0.7295858901E+00
        1        1        3      5.4722      5.4767        1.1335773347    0.7692584424E+00
        1        1        3      5.4722      5.4771        1.1768037085    0.8089018529E+00
        1        1        3      5.4722      5.4774        1.2197395403    0.8484444501E+00
        1        1        3      5.4722      5.4778        1.2623761911    0.8878160197E+00
        1        1        3      5.4722      5.4783        1.3047049873    0.9269477792E+00
        1        1        3      5.4722      5.4787        1.3467172565    0.9657723590E+00
        1        1        3      5.4722      5.4791        1.3884043587    0.1004223790E+01
        1        1        3      5.4722      5.4796        1.4297577142    0.1042237496E+01
        1        1        3      5.4722      5.4800        1.4707688287    0.1079750293E+01
        1        1        3      5.4722      5.4805        1.5114293158    0.1116700390E+01
        1        1        3      5.4722      5.4810        1.5517309190    0.1153027394E+01
        1        1        3      5.4722      5.4815        1.5916655312    0.1188672327E+01
        1        1        3      5.4722      5.4820        1.6312252138    0.1223577638E+01
        1        1        3      5.4722      5.4825        1.6704022151    0.1257687230E+01
        1        1        3      5.4722      5.4831        1.7091889870    0.1290946483E+01
        1        1        3      5.4722      5.4836        1.7475782015    0.1323302293E+01
        1        1        3      5.4722      5.4842        1.7855627661    0.1354703110E+01
        1        1        3      5.4722      5.4848        1.8231358384    0.1385098988E+01
        1        1        3      5.4722      5.4854        1.8602908392    0.1414441639E+01
        1        1        3      5.4722      5.4860        1.8970214651    0.1442684495E+01
        1        1        3      5.4722      5.4866        1.9333216986    0.1469782776E+01
        1        1        3      5.4722      5.4873        1.9691858180    0.1495693564E+01
        1        1        3      5.4722      5.4879        2.0046084042    0.1520375881E+01
        1        1        3      5.4722      5.4886        2.0395843471    0.1543790777E+01
        1        1        3      5.4722      5.4892        2.0741088482    0.1565901414E+01
        1        1        3      5.4722      5.4899        2.1081774222    0.1586673152E+01
        1        1        3      5.4722      5.4892        2.0741088482    0.1565901414E+01
        1        1        3      5.4722      5.4886        2.0395843471    0.1543790777E+01
        1        1        3      5.4722      5.4879        2.0046084042    0.1520375881E+01
        1        1        3      5.4722      5.4873        1.9691858180    0.1495693564E+01
        1        1        3      5.4722      5.4866        1.9333216986    0.1469782776E+01
        1        1        3      5.4722      5.4860        1.8970214651    0.1442684495E+01
        1        1        3      5.4722      5.4854        1.8602908392    0.1414441639E+01
        1        1        3      5.4722      5.4848        1.8231358384    0.1385098988E+01
        1        1        3      5.4722      5.4842        1.7855627661    0.1354703110E+01
        1        1        3      5.4722      5.4836        1.7475782015    0.1323302293E+01
        1        1        3      5.4722      5.4831        1.7091889870    0.1290946483E+01
        1        1        3      5.4722      5.4825        1.6704022151    0.1257687230E+01
        1        1        3      5.4722      5.4820        1.6312252138    0.1223577638E+01
        1        1        3      5.4722      5.4815        1.5916655312    0.1188672327E+01
        1        1        3      5.4722      5.4810        1.5517309190    0.1153027394E+01
        1        1        3      5.4722      5.4805        1.5114293158    0.1116700390E+01
        1        1        3      5.4722      5.4800        1.4707688287    0.1079750293E+01
        1        1        3      5.4722      5.4796        1.4297577142    0.1042237496E+01
        1        1        3      5.4722      5.4791        1.3884043587    0.1004223790E+01
        1        1        3      5.4722      5.4787        1.3467172565    0.9657723590E+00
        1        1        3      5.4722      5.4783        1.3047049873    0.9269477792E+00
        1        1        3      5.4722      5.4778        1.2623761911    0.8878160197E+00
        1        1        3      5.4722      5.4774        1.2197395403    0.8484444501E+00
        1        1        3      5.4722      5.4771        1.1768037085    0.8089018529E+00
        1        1        3      5.4722      5.4767        1.1335773347    0.7692584424E+00
        1        1        3      5.4722      5.4764        1.0900689810    0.7295858901E+00
        1        1        3      5.4722      5.4760        1.0462870819    0.6899573584E+00
        1        1        3      5.4722      5.4757        1.0022398833    0.6504475453E+00
        1        1        3      5.4722      5.4754        0.9579353657    0.6111327395E+00
        1        1        3      5.4722      5.4751        0.9133811473    0.5720908911E+00
        1        1        3      5.4722      5.4748        0.8685843588    0.5334016966E+00
        1        1        3      5.4722      5.4745        0.8235514796    0.4951467024E+00
        1        1        3      5.4722      5.4743        0.7782881172    0.4574094226E+00
        1        1        3      5.4722      5.4740        0.7327987084    0.4202754683E+00
        1        1        3      5.4722      5.4738        0.6870861021    0.3838326683E+00
        1        1        3      5.4722      5.4736        0.6411509686    0.3481711415E+00
        1        1        3      5.4722      5.4734        0.5949909422    0.3133832231E+00
        1        1        3      5.4722      5.4732        0.5485993485    0.2795630205E+00
        1        1        3      5.4722      5.4731        0.5019632674    0.2468050539E+00
        1        1        3      5.4722      5.4729        0.4550605181    0.2152005957E+00
        1        1        3      5.4722      5.4728        0.4078548876    0.1848278285E+00
        1        1        3      5.4722      5.4727        0.3602886739    0.1557235703E+00
        1        1        3      5.4722      5.4725        0.3122725869    0.1277904798E+00
        1        1        3      5.4722      5.4724        0.2636857781    0.1004182276E+00
        1        1        3      5.4722      5.4724        0.2145320251    0.7039576839E-01
        1        1        3      5.4722      5.4723        0.1665789843    0.1896596259E-01
        1        1        3      5.4722      5.4723        0.1233014087    0.3305699422E-02
        1        1        3      5.4722      5.4722        0.0819135778    0.2969270955E-02
        1        1        3      5.4722      5.4722        0.0409091656    0.1457551285E-02
        1        1        3      5.4722      5.4722        0.0000000478    0.1025435430E+00
        1        1        3      5.4722      5.4722        0.0432153714    0.1087489569E-01
        1        1        3      5.4722      5.4723        0.0876615504    0.4268288309E-01
        1        1        3      5.4722      5.4726        0.1318072888    0.7829597640E-01
        1        1        3      5.4722      5.4728        0.1758482080    0.1203788477E+00
        1        1        3      5.4722      5.4732        0.2198118346    0.1679762834E+00
        1        1        3      5.4722      5.4737        0.2636987563    0.2204199692E+00
        1        1        3      5.4722      5.4742        0.3075020836    0.2771964664E+00
        1        1        3      5.4722      5.4748        0.3512121809    0.3378866111E+00
        1        1        3      5.4722      5.4755        0.3948182230    0.4021332588E+00
        1        1        3      5.4722      5.4763        0.4383088212    0.4696223264E+00
        1        1        3      5.4722      5.4771        0.4816723148    0.5400708434E+00
        1        1        3      5.4722      5.4780        0.5248969235    0.6132190232E+00
        1        1        3      5.4722      5.4790        0.5679708346    0.6888247976E+00
        1        1        3      5.4722      5.4801        0.6108822583    0.7666599356E+00
        1        1        3      5.4722      5.4813        0.6536194650    0.8465072284E+00
        1        1        3      5.4722      5.4826        0.6961708131    0.9281584179E+00
        1        1        3      5.4722      5.4839        0.7385247713    0.1011412659E+01
        1        1        3      5.4722      5.4853        0.7806699368    0.1096075379E+01
        1        1        3      5.4722      5.4868        0.8225950521    0.1181957427E+01
        1        1        3      5.4722      5.4884        0.8642890203    0.1268874376E+01
        1        1        3      5.4722      5.4900        0.9057409194    0.1356645564E+01
        1        1        3      5.4722      5.4917        0.9469400162    0.1445090634E+01
        1        1        3      5.4722      5.4935        0.9878757803    0.1534006052E+01
        1        1        3      5.4722      5.4954        1.0285378972    0.1622859023E+01
        1        1        3      5.4722      5.4973        1.0689162817    0.1623919951E+01
        1        1        3      5.4722      5.4977        1.1090010914    0.1188499208E+00
        1        1        3      5.4722      5.4979        1.1487827395    0.7784833309E-01
        1        1        3      5.4722      5.4981        1.1882519078    0.6684965455E-01
        1        1        3      5.4722      5.4983        1.2273995595    0.6272237365E-01
        1        1        3      5.4722      5.4985        1.2662169519    0.6124941884E-01
        1        1        3      5.4722      5.4987        1.3046956484    0.6108316088E-01
        1        1        3      5.4722      5.4989        1.3428275304    0.6165984342E-01
        1        1        3      5.4722      5.4991        1.3806048089    0.6270109792E-01
        1        1        3      5.4722      5.4994        1.4180200354    0.6405256217E-01
        1        1        3      5.4722      5.4996        1.4550661120    0.6562070204E-01
        1        1        3      5.4722      5.4998        1.4917363013    0.6734457746E-01
        1        1        3      5.4722      5.5001        1.5280242349    0.6918192169E-01
        1        1        3      5.4722      5.5004        1.5639239217    0.7110173455E-01
        1        1        3      5.4722      5.5006        1.5994297547    0.7308009453E-01
        1        1        3      5.4722      5.5009        1.6345365170    0.7509767048E-01
        1        1        3      5.4722      5.5012        1.6692393867    0.7713818116E-01
        1        1        3      5.4722      5.5015        1.7035339401    0.7918740825E-01
        1        1        3      5.4722      5.5018        1.7374161549    0.8123254560E-01
        1        1        3      5.4722      5.5021        1.7708824103    0.8326175958E-01
        1        1        3      5.4722      5.5025        1.8039294873    0.8526388617E-01
        1        1        3      5.4722      5.5028        1.8365545665    0.8722821880E-01
        1        1        3      5.4722      5.5031        1.8687552251    0.8914435786E-01
        1        1        3      5.4722      5.5035        1.9005294319    0.9100210291E-01
        1        1        3      5.4722      5.5038        1.9318755413    0.9279137498E-01
        1        1        3      5.4722      5.5042        1.9627922854    0.9450216029E-01
        1        1        3      5.4722      5.5038        1.9318755413    0.9279137498E-01
        1        1        3      5.4722      5.5035        1.9005294319    0.9100210291E-01
        1        1        3      5.4722      5.5031        1.8687552251    0.8914435786E-01
        1        1        3      5.4722      5.5028        1.8365545665    0.8722821880E-01
        1        1        3      5.4722      5.5025        1.8039294873    0.8526388617E-01
        1        1        3      5.4722      5.5021        1.7708824103    0.8326175958E-01
        1        1        3      5.4722      5.5018        1.7374161549    0.8123254560E-01
        1        1        3      5.4722      5.5015        1.7035339401    0.7918740825E-01
        1        1        3      5.4722      5.5012        1.6692393867    0.7713818116E-01
        1        1        3      5.4722      5.5009        1.6345365170    0.7509767048E-01
        1        1        3      5.4722      5.5006        1.5994297547    0.7308009453E-01
        1        1        3      5.4722      5.5004        1.5639239217    0.7110173455E-01
        1        1        3      5.4722      5.5001        1.5280242349    0.6918192169E-01
        1        1        3      5.4722      5.4998        1.4917363013    0.6734457746E-01
        1        1        3      5.4722      5.4996        1.4550661120    0.6562070204E-01
        1        1        3      5.4722      5.4994        1.4180200354    0.6405256217E-01
        1        1        3      5.4722      5.4991        1.3806048089    0.6270109792E-01
        1        1        3      5.4722      5.4989        1.3428275304    0.6165984342E-01
        1        1        3      5.4722      5.4987        1.3046956484    0.6108316088E-01
        1        1        3      5.4722      5.4985        1.2662169519    0.6124941884E-01
        1        1        3      5.4722      5.4983        1.2273995595    0.6272237365E-01
        1        1        3      5.4722      5.4981        1.1882519078    0.6684965455E-01
        1        1        3      5.4722      5.4979        1.1487827395    0.7784833309E-01
        1        1        3      5.4722      5.4977        1.1090010914    0.1188499208E+00
        1        1        3      5.4722      5.4973        1.0689162817    0.1623919951E+01
        1        1        3      5.4722      5.4954        1.0285378972    0.1622859023E+01
        1        1        3      5.4722      5.4935        0.9878757803    0.1534006052E+01
        1        1        3      5.4722      5.4917        0.9469400162    0.1445090634E+01
        1        1        3      5.4722      5.4900        0.9057409194    0.1356645564E+01
        1        1        3      5.4722      5.4884        0.8642890203    0.1268874376E+01
        1        1        3      5.4722      5.4868        0.8225950521    0.1181957427E+01
        1        1        3      5.4722      5.4853        0.7806699368    0.1096075379E+01
        1        1        3      5.4722      5.4839        0.7385247713    0.1011412659E+01
        1        1        3      5.4722      5.4826        0.6961708131    0.9281584179E+00
        1        1        3      5.4722      5.4813        0.6536194650    0.8465072284E+00
        1        1        3      5.4722      5.4801        0.6108822583    0.7666599356E+00
        1        1        3      5.4722      5.4790        0.5679708346    0.6888247976E+00
        1        1        3      5.4722      5.4780        0.5248969235    0.6132190232E+00
        1        1        3      5.4722      5.4771        0.4816723148    0.5400708434E+00
        1        1        3      5.4722      5.4763        0.4383088212    0.4696223264E+00
        1        1        3      5.4722      5.4755        0.3948182230    0.4021332588E+00
        1        1        3      5.4722      5.4748        0.3512121809    0.3378866111E+00
        1        1        3      5.4722      5.4742        0.3075020836    0.2771964664E+00
        1        1        3      5.4722      5.4737        0.2636987563    0.2204199692E+00
        1        1        3      5.4722      5.4732        0.2198118346    0.1679762834E+00
        1        1        3      5.4722      5.4728        0.1758482080    0.1203788477E+00
        1        1        3      5.4722      5.4726        0.1318072888    0.7829597640E-01
        1        1        3      5.4722      5.4723        0.0876615504    0.4268288309E-01
        1        1        3      5.4722      5.4722        0.0432153714    0.1087489569E-01
        1        1        3      5.4722      5.4722        0.0000000478    0.1025435430E+00
        1        1        3      5.4722      5.4722        0.0480776064    0.1031635543E+00
        1        1        3      5.4722      5.4722        0.0961785589    0.1499722174E+00
        1        1        3      5.4722      5.4723        0.1442961548    0.1888949778E+00
        1        1        3      5.4722      5.4724        0.1924062717    0.2229147408E+00
        1        1        3      5.4722      5.4724        0.2404858511    0.2530210899E+00
        1        1        3      5.4722      5.4726        0.2885173442    0.2799393626E+00
        1        1        3      5.4722      5.4727        0.3364870897    0.3042597284E+00
        1        1        3      5.4722      5.4728        0.3843834528    0.3264401931E+00
        1        1        3      5.4722      5.4730        0.4321957604    0.3468263005E+00
        1        1        3      5.4722      5.4732        0.4799137931    0.3656772610E+00
        1        1        3      5.4722      5.4734        0.5275275605    0.3831887389E+00
        1        1        3      5.4722      5.4737        0.5750272081    0.3995101008E+00
        1        1        3      5.4722      5.4739        0.6224029825    0.4147568111E+00
        1        1        3      5.4722      5.4742        0.6696452234    0.4290191990E+00
        1        1        3      5.4722      5.4745        0.7167443667    0.4423686671E+00
        1        1        3      5.4722      5.4748        0.7636909518    0.4548621242E+00
        1        1        3      5.4722      5.4751        0.8104756316    0.4665451888E+00
        1        1        3      5.4722      5.4755        0.8570891827    0.4774545347E+00
        1        1        3      5.4722      5.4758        0.9035225153    0.4876196313E+00
        1        1        3      5.4722      5.4762        0.9497666828    0.4970640521E+00
        1        1        3      5.4722      5.4766        0.9958128912    0.5058064705E+00
        1        1        3      5.4722      5.4770        1.0416525078    0.5138614265E+00
        1        1        3      5.4722      5.4774        1.0872770698    0.5212399250E+00
        1        1        3      5.4722      5.4779        1.1326782915    0.5279499066E+00
        1        1        3      5.4722      5.4783        1.1778480725    0.5339966233E+00
        1        1        3      5.4722      5.4788        1.2227785035    0.5393829410E+00
        1        1        3      5.4722      5.4793        1.2674618731    0.5441095875E+00
        1        1        3      5.4722      5.4798        1.3118906731    0.5481753553E+00
        1        1        3      5.4722      5.4803        1.3560576034    0.5515772729E+00
        1        1        3      5.4722      5.4808        1.3999555761    0.5543107482E+00
        1        1        3      5.4722      5.4814        1.4435777188    0.5563696919E+00
        1        1        3      5.4722      5.4819        1.4869173768    0.5577466224E+00
        1        1        3      5.4722      5.4825        1.5299681151    0.5584327585E+00
        1        1        3      5.4722      5.4830        1.5727237179    0.5584180982E+00
        1        1        3      5.4722      5.4836        1.6151781887    0.5576914880E+00
        1        1        3      5.4722      5.4842        1.6573257475    0.5562406823E+00
        1        1        3      5.4722      5.4848        1.6991608278    0.5540523934E+00
        1        1        3      5.4722      5.4854        1.7406780711    0.5511123327E+00
        1        1        3      5.4722      5.4860        1.7818723211    0.5474052428E+00
        1        1        3      5.4722      5.4866        1.8227386143    0.5429149207E+00
        1        1        3      5.4722      5.4873        1.8632721704    0.5376242306E+00
        1        1        3      5.4722      5.4879        1.9034683792    0.5315151082E+00
        1        1        3      5.4722      5.4885        1.9433227859    0.5245685537E+00
        1        1        3      5.4722      5.4892        1.9828310736    0.5167646162E+00
        1        1        3      5.4722      5.4899        2.0219890427    0.5080823676E+00
        1        1        3      5.4722      5.4905        2.0607925873    0.4984998696E+00
        1        1        3      5.4722      5.4912        2.0992376681    0.4879941357E+00
        1        1        3      5.4722      5.4919        2.1373202806    0.4765410916E+00
        1        1        3      5.4722      5.4925        2.1750364199    0.4641155447E+00
        1        1        3      5.4722      5.4932        2.2123820387    0.4506911731E+00
        1        1        3      5.4722      5.4925        2.1750364199    0.4641155447E+00
        1        1        3      5.4722      5.4919        2.1373202806    0.4765410916E+00
        1        1        3      5.4722      5.4912        2.0992376681    0.4879941357E+00
        1        1        3      5.4722      5.4905        2.0607925873    0.4984998696E+00
        1        1        3      5.4722      5.4899        2.0219890427    0.5080823676E+00
        1        1        3      5.4722      5.4892        1.9828310736    0.5167646162E+00
        1        1        3      5.4722      5.4885        1.9433227859    0.5245685537E+00
        1        1        3      5.4722      5.4879        1.9034683792    0.5315151082E+00
        1        1        3      5.4722      5.4873        1.8632721704    0.5376242306E+00
        1        1        3      5.4722      5.4866        1.8227386143    0.5429149207E+00
        1        1        3      5.4722      5.4860        1.7818723211    0.5474052428E+00
        1        1        3      5.4722      5.4854        1.7406780711    0.5511123327E+00
        1        1        3      5.4722      5.4848        1.6991608278    0.5540523934E+00
        1        1        3      5.4722      5.4842        1.6573257475    0.5562406823E+00
        1        1        3      5.4722      5.4836        1.6151781887    0.5576914880E+00
        1        1        3      5.4722      5.4830        1.5727237179    0.5584180982E+00
        1        1        3      5.4722      5.4825        1.5299681151    0.5584327585E+00
        1        1        3      5.4722      5.4819        1.4869173768    0.5577466224E+00
        1        1        3      5.4722      5.4814        1.4435777188    0.5563696919E+00
        1        1        3      5.4722      5.4808        1.3999555761    0.5543107482E+00
        1        1        3      5.4722      5.4803        1.3560576034    0.5515772729E+00
        1        1        3      5.4722      5.4798        1.3118906731    0.5481753553E+00
        1        1        3      5.4722      5.4793        1.2674618731    0.5441095875E+00
        1        1        3      5.4722      5.4788        1.2227785035    0.5393829410E+00
        1        1        3      5.4722      5.4783        1.1778480725    0.5339966233E+00
        1        1        3      5.4722      5.4779        1.1326782915    0.5279499066E+00
        1        1        3      5.4722      5.4774        1.0872770698    0.5212399250E+00
        1        1        3      5.4722      5.4770        1.0416525078    0.5138614265E+00
        1        1        3      5.4722      5.4766        0.9958128912    0.5058064705E+00
        1        1        3      5.4722      5.4762        0.9497666828    0.4970640521E+00
        1        1        3      5.4722      5.4758        0.9035225153    0.4876196313E+00
        1        1        3      5.4722      5.4755        0.8570891827    0.4774545347E+00
        1        1        3      5.4722      5.4751        0.8104756316    0.4665451888E+00
        1        1        3      5.4722      5.4748        0.7636909518    0.4548621242E+00
        1        1        3      5.4722      5.4745        0.7167443667    0.4423686671E+00
        1        1        3      5.4722      5.4742        0.6696452234    0.4290191990E+00
        1        1        3      5.4722      5.4739        0.6224029825    0.4147568111E+00
        1        1        3      5.4722      5.4737        0.5750272081    0.3995101008E+00
        1        1        3      5.4722      5.4734        0.5275275605    0.3831887389E+00
        1        1        3      5.4722      5.4732        0.4799137931    0.3656772610E+00
        1        1        3      5.4722      5.4730        0.4321957604    0.3468263005E+00
        1        1        3      5.4722      5.4728        0.3843834528    0.3264401931E+00
        1        1        3      5.4722      5.4727        0.3364870897    0.3042597284E+00
        1        1        3      5.4722      5.4726        0.2885173442    0.2799393626E+00
        1        1        3      5.4722      5.4724        0.2404858511    0.2530210899E+00
        1        1        3      5.4722      5.4724        0.1924062717    0.2229147408E+00
        1        1        3      5.4722      5.4723        0.1442961548    0.1888949778E+00
        1        1        3      5.4722      5.4722        0.0961785589    0.1499722174E+00
        1        1        3      5.4722      5.4722        0.0480776064    0.1031635543E+00
        1        1        3      5.4722      5.4722        0.0000000478    0.1025435430E+00
        1        1        3      5.4722      5.4725        0.1155596124    0.6435860759E-01
        1        1        3      5.4722      5.4733        0.2313683214    0.1813300575E+00
        1        1        3      5.4722      5.4747        0.3466163989    0.3313257203E+00
        1        1        3      5.4722      5.4767        0.4611476176    0.5063474167E+00
        1        1        3      5.4722      5.4792        0.5747576531    0.7009724412E+00
        1        1        3      5.4722      5.4823        0.6872276468    0.9108268965E+00
        1        1        3      5.4722      5.4859        0.7983499715    0.1132098147E+01
        1        1        3      5.4722      5.4901        0.9079164495    0.1361286992E+01
        1        1        3      5.4722      5.4948        1.0157269806    0.1594905275E+01
        1        1        3      5.4722      5.4978        1.1215973350    0.9815407335E-01
        1        1        3      5.4722      5.4983        1.2253465968    0.6285535170E-01
        1        1        3      5.4722      5.4988        1.3268148797    0.6134823029E-01
        1        1        3      5.4722      5.4994        1.4258509981    0.6436713811E-01
        1        1        3      5.4722      5.5001        1.5223200331    0.6888562652E-01
        1        1        3      5.4722      5.5008        1.6161098784    0.7403198661E-01
        1        1        3      5.4722      5.5015        1.7071195248    0.7940306357E-01
        1        1        3      5.4722      5.5024        1.7952739541    0.8474026013E-01
        1        1        3      5.4722      5.5033        1.8805105522    0.8983608157E-01
        1        1        3      5.4722      5.5042        1.9627922854    0.9450216029E-01
        1        1        3      5.4722      5.5052        2.0420955212    0.9855549906E-01
        1        1        3      5.4722      5.5063        2.1184139447    0.1018132963E+00
        1        1        3      5.4722      5.5074        2.1917609842    0.1040906831E+00
        1        1        3      5.4722      5.5086        2.2621576980    0.1051991709E+00
        1        1        3      5.4722      5.5099        2.3296414403    0.1049461237E+00
        1        1        3      5.4722      5.5112        2.3942523481    0.1031335894E+00
        1        1        3      5.4722      5.5126        2.4560405167    0.9955691107E-01
        1        1        3      5.4722      5.5140        2.5150539396    0.9400350515E-01
        1        1        3      5.4722      5.5155        2.5713388574    0.8625264277E-01
        1        1        3      5.4722      5.5171        2.6249388888    0.7607942232E-01
        1        1        3      5.4722      5.5187        2.6758835059    0.6327850876E-01
        1        1        3      5.4722      5.5203        2.7241916244    0.4776129264E-01
        1        1        3      5.4722      5.5220        2.7698597186    0.3012307908E-01
        1        1        3      5.4722      5.5238        2.8128596687    0.1718316243E-01
        1        1        3      5.4722      5.5255        2.8531358824    0.3182569361E-01
        1        1        3      5.4722      5.5274        2.8905959794    0.6172063360E-01
        1        1        3      5.4722      5.5292        2.9251169380    0.9803727461E-01
        1        1        3      5.4722      5.5311        2.9565470735    0.1394588464E+00
        1        1        3      5.4722      5.5331        2.9847312114    0.1851206793E+00
        1        1        3      5.4722      5.5350        3.0095410265    0.2337250871E+00
        1        1        3      5.4722      5.5370        3.0309214781    0.2834492840E+00
        1        1        3      5.4722      5.5390        3.0489300784    0.3321979269E+00
        1        1        3      5.4722      5.5411        3.0637465375    0.3780395897E+00
        1        1        3      5.4722      5.5432        3.0756529491    0.4196040827E+00
        1        1        3      5.4722      5.5452        3.0849850039    0.4562158376E+00
        1        1        3      5.4722      5.5474        3.0920849959    0.4877896537E+00
        1        1        3      5.4722      5.5495        3.0972654072    0.5146013640E+00
        1        1        3      5.4722      5.5517        3.1007923196    0.5370813042E+00
        1        1        3      5.4722      5.5538        3.1028818003    0.5556755744E+00
        1        1        3      5.4722      5.5560        3.1037034412    0.5707707510E+00
        1        1        3      5.4722      5.5583        3.1033875655    0.5826694613E+00
        1        1        3      5.4722      5.5605        3.1020322021    0.5915855306E+00
        1        1        3      5.4722      5.5628        3.0997094419    0.5976535325E+00
        1        1        3      5.4722      5.5651        3.0964701341    0.6009410621E+00
        1        1        3      5.4722      5.5674        3.0923478583    0.6014605278E+00
        1        1        3      5.4722      5.5697        3.0873608897    0.5991810515E+00
        1        1        3      5.4722      5.5721        3.0815142731    0.5940384823E+00
        1        1        3      5.4722      5.5745        3.0747996446    0.5859442158E+00
        1        1        3      5.4722      5.5770        3.0671957902    0.5747948744E+00
        1        1        3      5.4722      5.5795        3.0586675595    0.5604827815E+00
        1        1        3      5.4722      5.5820        3.0491639465    0.5429088113E+00
        1        1        3      5.4722      5.5846        3.0386175792    0.5220044845E+00
        1        1        3      5.4722      5.5872        3.0269415380    0.4977584998E+00
        1        1        3      5.4722      5.5899        3.0140296375    0.4702608720E+00
        1        1        3      5.4722      5.5927        2.9997542834    0.4397525319E+00
        1        1        3      5.4722      5.5955        2.9839693390    0.4066911240E+00
        1        1        3      5.4722      5.5983        2.9665127235    0.3718128590E+00
        1        1        3      5.4722      5.6012        2.9472105250    0.3361830280E+00
        1        1        3      5.4722      5.6042        2.9258862324    0.3012308766E+00
        1        1        3      5.4722      5.6072        2.9023654520    0.2687361715E+00
        1        1        3      5.4722      5.6103        2.8764865684    0.2407470318E+00
        1        1        3      5.4722      5.6135        2.8481078093    0.2193173585E+00
        1        1        3      5.4722      5.6167        2.8171140208    0.2059672735E+00
        1        1        3      5.4722      5.6199        2.7834300103    0.2009926511E+00
        1        1        3      5.4722      5.6232        2.7470259292    0.2031477792E+00
        1        1        3      5.4722      5.6265        2.7079322471    0.2101089618E+00
        1        1        3      5.4722      5.6299        2.6662424992    0.2193358364E+00
        1        1        3      5.4722      5.6332        2.6221238591    0.2286916149E+00
        1        1        3      5.4722      5.6366        2.5758172140    0.2366514666E+00
        1        1        3      5.4722      5.6401        2.5276331341    0.2422647917E+00
        1        1        3      5.4722      5.6435        2.4779543344    0.2450362178E+00
        1        1        3      5.4722      5.6469        2.4272229163    0.2448045066E+00
        1        1        3      5.4722      5.6504        2.3759415282    0.2416372195E+00
        1        1        3      5.4722      5.6538        2.3155137849    0.2017616834E+01
        1        1        3      5.4722      5.6572        2.2447439311    0.2949332515E+01
        1        1        3      5.4722      5.6606        2.1751896502    0.3051721553E+01
        1        1        3      5.4722      5.6640        2.1077423715    0.3149710589E+01
        1        1        3      5.4722      5.6673        2.0433623110    0.3242111344E+01
        1        1        3      5.4722      5.6707        1.9830574512    0.3327579552E+01
        1        1        3      5.4722      5.6740        1.9381092528    0.2766943917E-01
        1        1        3      5.4722      5.6772        1.9381608013    0.2022420445E-01
        1        1        3      5.4722      5.6804        1.9381957750    0.1494194906E-01
        1        1        3      5.4722      5.6836        1.9382184142    0.1145386492E-01
        1        1        3      5.4722      5.6868        1.9382321070    0.8906428785E-02
        1        1        3      5.4722      5.6899        1.9382393212    0.2543134654E-01
        1        1        3      5.4722      5.6929        1.9382415580    0.7750558243E-05
        1        1        3      5.4722      5.6902        1.9407808448    0.4059821724E-01
        1        1        3      5.4722      5.6881        1.9483593005    0.1630604344E-01
        1        1        3      5.4722      5.6864        1.9608605024    0.1290760671E-01
        1        1        3      5.4722      5.6852        1.9780970513    0.2188366919E-01
        1        1        3      5.4722      5.6845        1.9998299370    0.8560546707E-01
        1        1        3      5.4722      5.6843        2.0295086847    0.2295171374E+01
        1        1        3      5.4722      5.6846        2.1129728760    0.3130139992E+01
        1        1        3      5.4722      5.6853        2.2032213132    0.3003786715E+01
        1        1        3      5.4722      5.6865        2.2970310501    0.2759440053E+01
        1        1        3      5.4722      5.6883        2.3791744724    0.8548038862E+00
        1        1        3      5.4722      5.6904        2.4502653262    0.5677950640E+00
        1        1        3      5.4722      5.6931        2.5207356083    0.5464489158E+00
        1        1        3      5.4722      5.6962        2.5901238060    0.5486758415E+00
        1        1        3      5.4722      5.6997        2.6576726728    0.5528171148E+00
        1        1        3      5.4722      5.7036        2.7227181927    0.5573950140E+00
        1        1        3      5.4722      5.7080        2.7847362774    0.5671696715E+00
        1        1        3      5.4722      5.7127        2.8433573625    0.5933519742E+00
        1        1        3      5.4722      5.7177        2.8983701894    0.6555837460E+00
        1        1        3      5.4722      5.7227        2.9497167163    0.7700568814E+00
        1        1        3      5.4722      5.7277        2.9974788010    0.9049239622E+00
        1        1        3      5.4722      5.7325        3.0418593909    0.9951293683E+00
        1        1        3      5.4722      5.7374        3.0831635331    0.1032468137E+01
        1        1        3      5.4722      5.7425        3.1217859726    0.1043115889E+01
        1        1        3      5.4722      5.7479        3.1582111279    0.1045877686E+01
        1        1        3      5.4722      5.7537        3.1930249719    0.1048756653E+01
        1        1        3      5.4722      5.7598        3.2269177506    0.1052416926E+01
        1        1        3      5.4722      5.7663        3.2606050698    0.1051256700E+01
        1        1        3      5.4722      5.7731        3.2945275199    0.1034336753E+01
        1        1        3      5.4722      5.7803        3.3282422930    0.9919433760E+00
        1        1        3      5.4722      5.7879        3.3597135464    0.9408678506E+00
        1        1        3      5.4722      5.7958        3.3854227358    0.9679130185E+00
        1        1        3      5.4722      5.8041        3.4033532942    0.1104118891E+01
        1        1        3      5.4722      5.8127        3.4151763144    0.1247415723E+01
        1        1        3      5.4722      5.8217        3.4232524115    0.1358786867E+01
        1        1        3      5.4722      5.8310        3.4289856727    0.1444246940E+01
        1        1        3      5.4722      5.8406        3.4331184710    0.1512026701E+01
        1        1        3      5.4722      5.8506        3.4360659687    0.1566892905E+01
        1        1        3      5.4722      5.8609        3.4380635223    0.1611475712E+01
        1        1        3      5.4722      5.8715        3.4392293495    0.1647522890E+01
        1        1        3      5.4722      5.8824        3.4395996914    0.1676500429E+01
        1        1        3      5.4722      5.8936        3.4391562147    0.1699738298E+01
        1        1        3      5.4722      5.9050        3.4378492739    0.1718373986E+01
        1        1        3      5.4722      5.9168        3.4356158721    0.1733283673E+01
        1        1        3      5.4722      5.9289        3.4323915051    0.1745090866E+01
        1        1        3      5.4722      5.9412        3.4281165742    0.1754272118E+01
        1        1        3      5.4722      5.9538        3.4227389044    0.1761377142E+01
        1        1        3      5.4722      5.9667        3.4162139320    0.1767480382E+01
        1        1        3      5.4722      5.9797        3.4085037383    0.1775398219E+01
        1        1        3      5.4722      5.9930        3.3995756766    0.1794530471E+01
        1        1        3      5.4722      6.0063        3.3894010072    0.1874503256E+01
        1        1        3      5.4722      6.0130        3.3779537486    0.1595590775E+01
        1        1        3      5.4722      6.0072        3.3652098416    0.1263764395E+01
        1        1        3      5.4722      5.9995        3.3511466702    0.1198104286E+01
        1        1        3      5.4722      5.9909        3.3357429645    0.1172110227E+01
        1        1        3      5.4722      5.9818        3.3189791170    0.1155528453E+01
        1        1        3      5.4722      5.9724        3.3008379582    0.1139692487E+01
        1        1        3      5.4722      5.9628        3.2813060712    0.1121586087E+01
        1        1        3      5.4722      5.9532        3.2603757714    0.1100577403E+01
        1        1        3      5.4722      5.9436        3.2380479523    0.1077609772E+01
        1        1        3      5.4722      5.9341        3.2143361027    0.1055233447E+01
        1        1        3      5.4722      5.9248        3.1892719532    0.1038099844E+01
        1        1        3      5.4722      5.9156        3.1629133877    0.1033716482E+01
        1        1        3      5.4722      5.9066        3.1353553887    0.1053002176E+01
        1        1        3      5.4722      5.8978        3.1067445661    0.1109614002E+01
        1        1        3      5.4722      5.8893        3.0772964908    0.1216824312E+01
        1        1        3      5.4722      5.8810        3.0473111448    0.1382074869E+01
        1        1        3      5.4722      5.8730        3.0171742596    0.1601560047E+01
        1        1        3      5.4722      5.8652        2.9873255498    0.1858032725E+01
        1        1        3      5.4722      5.8577        2.9581845100    0.2124658599E+01
        1        1        3      5.4722      5.8505        2.9300607836    0.2374966558E+01
        1        1        3      5.4722      5.8435        2.9031037882    0.2592629812E+01
        1        1        3      5.4722      5.8369        2.8773169531    0.2773953166E+01
        1        1        3      5.4722      5.8306        2.8526094752    0.2923747192E+01
        1        1        3      5.4722      5.8246        2.8288475434    0.3050011665E+01
        1        1        3      5.4722      5.8190        2.8058888005    0.3160583682E+01
        1        1        3      5.4722      5.8137        2.7836011056    0.3261819799E+01
        1        1        3      5.4722      5.8087        2.7618711218    0.3358414663E+01
        1        1        3      5.4722      5.8041        2.7406072104    0.3453657843E+01
        1        1        3      5.4722      5.7999        2.7197394319    0.3549780693E+01
        1        1        3      5.4722      5.7961        2.6992182619    0.3648261906E+01
        1        1        3      5.4722      5.7927        2.6790129021    0.3750059897E+01
        1        1        3      5.4722      5.7897        2.6591096120    0.3855777016E+01
        1        1        3      5.4722      5.7872        2.6395102235    0.3965770140E+01
        1        1        3      5.4722      5.7851        2.6202308473    0.4080221185E+01
        1        1        3      5.4722      5.7835        2.6013006990    0.4199176533E+01
        1        1        3      5.4722      5.7823        2.5827609533    0.4322558479E+01
        1        1        3      5.4722      5.7816        2.5646635509    0.4450145235E+01
        1        1        3      5.4722      5.7814        2.5470699718    0.4581508872E+01
        1        1        3      5.4722      5.7817        2.5300501487    0.4715894735E+01
        1        1        3      5.4722      5.7825        2.5136819698    0.4852026666E+01
        1        1        3      5.4722      5.7838        2.4980522016    0.4987842764E+01
        1        1        3      5.4722      5.7857        2.4832600178    0.5120226250E+01
        1        1        3      5.4722      5.7880        2.4694242242    0.5244905066E+01
        1        1        3      5.4722      5.7908        2.4566939462    0.5356798405E+01
        1        1        3      5.4722      5.7941        2.4452593691    0.5451016258E+01
        1        1        3      5.4722      5.7979        2.4353552576    0.5524294454E+01
        1        1        3      5.4722      5.8022        2.4272493201    0.5576084296E+01
        1        1        3      5.4722      5.8070        2.4212132753    0.5624180708E+01
        1        1        3      5.4722      5.8123        2.4174833076    0.5631687957E+01
        1        1        3      5.4722      5.8180        2.4162208280    0.5627943504E+01
        1        1        3      5.4722      5.8120        2.4167761216    0.5634353371E+01
        1        1        3      5.4722      5.8061        2.4184419728    0.5635346939E+01
        1        1        3      5.4722      5.8003        2.4212184388    0.5650471645E+01
        1        1        3      5.4722      5.7945        2.4251060991    0.5647781930E+01
        1        1        3      5.4722      5.7888        2.4301067650    0.5640513284E+01
        1        1        3      5.4722      5.7831        2.4362244411    0.5629021238E+01
        1        1        3      5.4722      5.7775        2.4434664995    0.5613732095E+01
        1        1        3      5.4722      5.7720        2.4518450089    0.5595126011E+01
        1        1        3      5.4722      5.7665        2.4613781331    0.5573718269E+01
        1        1        3      5.4722      5.7611        2.4720914756    0.5550036046E+01
        1        1        3      5.4722      5.7558        2.4840191963    0.5524589658E+01
        1        1        3      5.4722      5.7505        2.4958433168    0.3887904701E+01
        1        1        3      5.4722      5.7453        2.4946275608    0.8075076294E-01
        1        1        3      5.4722      5.7401        2.4932766391    0.8827976275E-01
        1        1        3      5.4722      5.7350        2.4917836313    0.9593447607E-01
        1        1        3      5.4722      5.7299        2.4901415415    0.1036998343E+00
        1        1        3      5.4722      5.7249        2.4883433233    0.1115599231E+00
        1        1        3      5.4722      5.7199        2.4863818980    0.1194979617E+00
        1        1        3      5.4722      5.7149        2.4842501676    0.1274962699E+00
        1        1        3      5.4722      5.7100        2.4819410221    0.1355362225E+00
        1        1        3      5.4722      5.7050        2.4794473421    0.1435981931E+00
        1        1        3      5.4722      5.7001        2.4767619963    0.1516614950E+00
        1        1        3      5.4722      5.6952        2.4738778348    0.1597043265E+00
        1        1        3      5.4722      5.6903        2.4707876785    0.1310177443E+01
        1        1        3      5.4722      5.6854        2.5077390497    0.1995872076E+01
        1        1        3      5.4722      5.6805        2.5487916394    0.2146723484E+01
        1        1        3      5.4722      5.6755        2.5887104129    0.2295273344E+01
        1        1        3      5.4722      5.6706        2.6273997059    0.2439021974E+01
        1        1        3      5.4722      5.6656        2.6647850522    0.2575626921E+01
        1        1        3      5.4722      5.6606        2.7008126693    0.2703006364E+01
        1        1        3      5.4722      5.6557        2.7354481866    0.2819422240E+01
        1        1        3      5.4722      5.6507        2.7686747217    0.2923533554E+01
        1        1        3      5.4722      5.6456        2.8004904853    0.3014416069E+01
        1        1        3      5.4722      5.6406        2.8309061312    0.3091550394E+01
        1        1        3      5.4722      5.6356        2.8599420662    0.3154784907E+01
        1        1        3      5.4722      5.6306        2.8876258982    0.3204282102E+01
        1        1        3      5.4722      5.6256        2.9139901477    0.3240457084E+01
        1        1        3      5.4722      5.6206        2.9390702934    0.3263915459E+01
        1        1        3      5.4722      5.6157        2.9629031702    0.3275395810E+01
        1        1        3      5.4722      5.6108        2.9855257056    0.3275719753E+01
        1        1        3      5.4722      5.6059        3.0069739521    0.3265750820E+01
        1        1        3      5.4722      5.6011        3.0272823655    0.3246362125E+01
        1        1        3      5.4722      5.5964        3.0464832726    0.3218412013E+01
        1        1        3      5.4722      5.5918        3.0646064767    0.3182726520E+01
        1        1        3      5.4722      5.5872        3.0816789515    0.3140087359E+01
        1        1        3      5.4722      5.5827        3.0977245820    0.3091224237E+01
        1        1        3      5.4722      5.5784        3.1127639134    0.3036810422E+01
        1        1        3      5.4722      5.5742        3.1268138744    0.2977460665E+01
        1        1        3      5.4722      5.5701        3.1398874401    0.2913730712E+01
        1        1        3      5.4722      5.5661        3.1519931974    0.2846117793E+01
        1        1        3      5.4722      5.5622        3.1631347682    0.2775061514E+01
        1        1        3      5.4722      5.5585        3.1733100311    0.2700944646E+01
        1        1        3      5.4722      5.5550        3.1825100587    0.2624093189E+01
        1        1        3      5.4722      5.5515        3.1907176490    0.2544775002E+01
        1        1        3      5.4722      5.5482        3.1979052648    0.2463195884E+01
        1        1        3      5.4722      5.5450        3.2040320913    0.2379491424E+01
        1        1        3      5.4722      5.5420        3.2090397478    0.2293711749E+01
        1        1        3      5.4722      5.5391        3.2128458964    0.2205794276E+01
        1        1        3      5.4722      5.5363        3.2153344895    0.2115515790E+01
        1        1        3      5.4722      5.5336        3.2163405424    0.2022408554E+01
        1        1        3      5.4722      5.5310        3.2156258924    0.1925613834E+01
        1        1        3      5.4722      5.5285        3.2128402055    0.1823629980E+01
        1        1        3      5.4722      5.5261        3.2074589168    0.1713901230E+01
        1        1        3      5.4722      5.5238        3.1986901944    0.1592245910E+01
        1        1        3      5.4722      5.5216        3.1853600255    0.1452446154E+01
        1        1        3      5.4722      5.5194        3.1658529682    0.1287318712E+01
        1        1        3      5.4722      5.5173        3.1383248281    0.1093710088E+01
        1        1        3      5.4722      5.5153        3.1013959583    0.8803011552E+00
        1        1        3      5.4722      5.5133        3.0549373678    0.6674124483E+00
        1        1        3      5.4722      5.5113        3.0000599505    0.4744007415E+00
        1        1        3      5.4722      5.5094        2.9383466235    0.3109589261E+00
        1        1        3      5.4722      5.5075        2.8712026585    0.1818275212E+00
        1        1        3      5.4722      5.5057        2.7996545688    0.1063171397E+00
        1        1        3      5.4722      5.5038        2.7243952390    0.1251891335E+00
        1        1        3      5.4722      5.5020        2.6458819965    0.1895017752E+00
        1        1        3      5.4722      5.5002        2.5644183570    0.2555877288E+00
        1        1        3      5.4722      5.4984        2.4802100269    0.3153267907E+00
        1        1        3      5.4722      5.4967        2.3934011379    0.3675992533E+00
        1        1        3      5.4722      5.4949        2.3040975443    0.4125780550E+00
        1        1        3      5.4722      5.4932        2.2123820387    0.4506911731E+00
        1        1        3      5.4722      5.4915        2.1183245327    0.4823875755E+00
        1        1        3      5.4722      5.4899        2.0219890427    0.5080823676E+00
        1        1        3      5.4722      5.4882        1.9234385806    0.5281477343E+00
        1        1        3      5.4722      5.4866        1.8227386143    0.5429149207E+00
        1        1        3      5.4722      5.4851        1.7199595060    0.5526772657E+00
        1        1        3      5.4722      5.4836        1.6151781887    0.5576914880E+00
        1        1        3      5.4722      5.4822        1.5084792545    0.5581766372E+00
        1        1        3      5.4722      5.4808        1.3999555761    0.5543107482E+00
        1        1        3      5.4722      5.4795        1.2897085554    0.5462252274E+00
        1        1        3      5.4722      5.4783        1.1778480725    0.5339966233E+00
        1        1        3      5.4722      5.4772        1.0644921927    0.5176346697E+00
        1        1        3      5.4722      5.4762        0.9497666828    0.4970640521E+00
        1        1        3      5.4722      5.4753        0.8338043696    0.4720945830E+00
        1        1        3      5.4722      5.4745        0.7167443667    0.4423686671E+00
        1        1        3      5.4722      5.4738        0.5987311854    0.4072616358E+00
        1        1        3      5.4722      5.4732        0.4799137931    0.3656772610E+00
        1        1        3      5.4722      5.4728        0.3604451258    0.3155935259E+00
        1        1        3      5.4722      5.4724        0.2404858511    0.2530210899E+00
        1        1        3      5.4722      5.4723        0.1202366673    0.1701366244E+00
        1        1        3      5.4722      5.4722        0.0000000478    0.1025435430E+00
        1        1        3      5.4722      5.4722        0.1025204114    0.3266774723E-02
        1        1        3      5.4722      5.4724        0.2145320251    0.7039576839E-01
        1        1        3      5.4722      5.4726        0.3363439296    0.1416279319E+00
        1        1        3      5.4722      5.4729        0.4550605181    0.2152005957E+00
        1        1        3      5.4722      5.4733        0.5718247237    0.2963462332E+00
        1        1        3      5.4722      5.4738        0.6870861021    0.3838326683E+00
        1        1        3      5.4722      5.4744        0.8009482999    0.4762080481E+00
        1        1        3      5.4722      5.4751        0.9133811473    0.5720908911E+00
        1        1        3      5.4722      5.4758        1.0242961390    0.6701828820E+00
        1        1        3      5.4722      5.4767        1.1335773347    0.7692584424E+00
        1        1        3      5.4722      5.4776        1.2410958050    0.8681559455E+00
        1        1        3      5.4722      5.4787        1.3467172565    0.9657723590E+00
        1        1        3      5.4722      5.4798        1.4503065785    0.1061060403E+01
        1        1        3      5.4722      5.4810        1.5517309190    0.1153027394E+01
        1        1        3      5.4722      5.4823        1.6508620264    0.1240735348E+01
        1        1        3      5.4722      5.4836        1.7475782015    0.1323302293E+01
        1        1        3      5.4722      5.4851        1.8417659983    0.1399904919E+01
        1        1        3      5.4722      5.4866        1.9333216986    0.1469782776E+01
        1        1        3      5.4722      5.4882        2.0221525133    0.1532244110E+01
        1        1        3      5.4722      5.4899        2.1081774222    0.1586673152E+01
        1        1        3      5.4722      5.4917        2.1913275454    0.1632538391E+01
        1        1        3      5.4722      5.4936        2.2715459440    0.1669401002E+01
        1        1        3      5.4722      5.4955        2.3487867632    0.1696922410E+01
        1        1        3      5.4722      5.4975        2.4230136607    0.1714870003E+01
        1        1        3      5.4722      5.4996        2.4941974798    0.1723120171E+01
        1        1        3      5.4722      5.5018        2.5623131313    0.1721658352E+01
        1        1        3      5.4722      5.5040        2.6273356114    0.1710576357E+01
        1        1        3      5.4722      5.5063        2.6892350053    0.1690067954E+01
        1        1        3      5.4722      5.5087        2.7479701851    0.1660424580E+01
        1        1        3      5.4722      5.5112        2.8034807164    0.1622034159E+01
        1        1        3      5.4722      5.5137        2.8556762461    0.1575387739E+01
        1        1        3      5.4722      5.5163        2.9044224774    0.1521101444E+01
        1        1        3      5.4722      5.5190        2.9495230528    0.1459965494E+01
        1        1        3      5.4722      5.5218        2.9906981711    0.1393036809E+01
        1        1        3      5.4722      5.5247        3.0275654617    0.1321791621E+01
        1        1        3      5.4722      5.5276        3.0596391751    0.1248337003E+01
        1        1        3      5.4722      5.5306        3.0863785851    0.1175646199E+01
        1        1        3      5.4722      5.5336        3.1073163481    0.1107825686E+01
        1        1        3      5.4722      5.5368        3.1222446375    0.1050665256E+01
        1        1        3      5.4722      5.5400        3.1313470953    0.1012558155E+01
        1        1        3      5.4722      5.5433        3.1351692384    0.1004120940E+01
        1        1        3      5.4722      5.5467        3.1344605309    0.1033999719E+01
        1        1        3      5.4722      5.5501        3.1300082471    0.1103259777E+01
        1        1        3      5.4722      5.5536        3.1225315730    0.1204849517E+01
        1        1        3      5.4722      5.5572        3.1126361449    0.1328411284E+01
        1        1        3      5.4722      5.5608        3.1008082495    0.1464814495E+01
        1        1        3      5.4722      5.5645        3.0874297353    0.1607731987E+01
        1        1        3      5.4722      5.5683        3.0728002385    0.1753311709E+01
        1        1        3      5.4722      5.5721        3.0571590342    0.1899354379E+01
        1        1        3      5.4722      5.5760        3.0407033272    0.2044611656E+01
        1        1        3      5.4722      5.5800        3.0236024162    0.2188315869E+01
        1        1        3      5.4722      5.5840        3.0060082578    0.2329891591E+01
        1        1        3      5.4722      5.5881        2.9880632038    0.2468782076E+01
        1        1        3      5.4722      5.5923        2.9699055656    0.2604342390E+01
        1        1        3      5.4722      5.5965        2.9516734411    0.2735771356E+01
        1        1        3      5.4722      5.6008        2.9335070091    0.2862069516E+01
        1        1        3      5.4722      5.6051        2.9155493088    0.2982020820E+01
        1        1        3      5.4722      5.6095        2.8979453887    0.3094202814E+01
        1        1        3      5.4722      5.6139        2.8808396795    0.3197033844E+01
        1        1        3      5.4722      5.6184        2.8643715439    0.3288864860E+01
        1        1        3      5.4722      5.6230        2.8486692237    0.3368116134E+01
        1        1        3      5.4722      5.6276        2.8338428107    0.3433445424E+01
        1        1        3      5.4722      5.6322        2.8199773041    0.3483917459E+01
        1        1        3      5.4722      5.6369        2.8071270761    0.3519133186E+01
        1        1        3      5.4722      5.6416        2.7953129615    0.3539279818E+01
        1        1        3      5.4722      5.6464        2.7845226506    0.3545082344E+01
        1        1        3      5.4722      5.6512        2.7747142617    0.3537666048E+01
        1        1        3      5.4722      5.6561        2.7658222334    0.3518362918E+01
        1        1        3      5.4722      5.6610        2.7577642685    0.3488499032E+01
        1        1        3      5.4722      5.6660        2.7504480948    0.3449172154E+01
        1        1        3      5.4722      5.6710        2.7437771332    0.3400885180E+01
        1        1        3      5.4722      5.6760        2.7376544649    0.3341012247E+01
        1        1        3      5.4722      5.6811        2.7195995988    0.3134969216E+01
        1        1        3      5.4722      5.6862        2.6780499538    0.3252767951E+01
        1        1        3      5.4722      5.6913        2.6356723433    0.3357525213E+01
        1        1        3      5.4722      5.6965        2.5925083913    0.3459206742E+01
        1        1        3      5.4722      5.7017        2.5486054983    0.3558760475E+01
        1        1        3      5.4722      5.7069        2.5040195521    0.3656390539E+01
        1        1        3      5.4722      5.7122        2.4866709017    0.1202015876E-01
        1        1        3      5.4722      5.7175        2.4877330257    0.1171906475E-01
        1        1        3      5.4722      5.7228        2.4886564865    0.1138084755E-01
        1        1        3      5.4722      5.7282        2.4894453048    0.1100812760E-01
        1        1        3      5.4722      5.7336        2.4901037910    0.1060343728E-01
        1        1        3      5.4722      5.7390        2.4906367037    0.1016915534E-01
        1        1        3      5.4722      5.7444        2.4910494285    0.9707443886E-02
        1        1        3      5.4722      5.7499        2.4913481736    0.9220190439E-02
        1        1        3      5.4722      5.7553        2.4915401733    0.8708957839E-02
        1        1        3      5.4722      5.7608        2.4916338871    0.8174945691E-02
        1        1        3      5.4722      5.7663        2.4916391736    0.7618967110E-02
        1        1        3      5.4722      5.7719        2.4915674134    0.7041444566E-02
        1        1        3      5.4722      5.7774        2.4914315513    0.6442428021E-02
        1        1        3      5.4722      5.7830        2.4912460217    0.5821637390E-02
        1        1        3      5.4722      5.7885        2.4910265272    0.5178529556E-02
        1        1        3      5.4722      5.7941        2.4907896466    0.4512387873E-02
        1        1        3      5.4722      5.7997        2.4905522653    0.3822429440E-02
        1        1        3      5.4722      5.8053        2.4903308453    0.3107922973E-02
        1        1        3      5.4722      5.8109        2.4901405781    0.2368308032E-02
        1        1        3      5.4722      5.8166        2.4899944937    0.1603305642E-02
        1        1        3      5.4722      5.8222        2.4899026171    0.7416179969E-03
        1        1        3      5.4722      5.8278        2.4898712711    0.7049499502E-05
