        1        1        2      5.4722      5.4722       -0.0084832137    0.1025435430E+00
        1        1        2      5.4722      5.4722        0.0395802329    0.1457551285E-02
        1        1        2      5.4722      5.4722        0.0804912864    0.2969270955E-02
        1        1        2      5.4722      5.4723        0.1210558671    0.3305699422E-02
        1        1        2      5.4722      5.4723        0.1614823370    0.4311953939E-01
        1        1        2      5.4722      5.4724        0.2017946638    0.4694004798E-01
        1        1        2      5.4722      5.4724        0.2420255128    0.4889331927E-01
        1        1        2      5.4722      5.4725        0.2827888687    0.5498200463E-01
        1        1        2      5.4722      5.4727        0.3232658005    0.6300572782E-01
        1        1        2      5.4722      5.4728        0.3635552231    0.7219595986E-01
        1        1        2      5.4722      5.4729        0.4036826857    0.8222799150E-01
        1        1        2      5.4722      5.4731        0.4436516696    0.9293170362E-01
        1        1        2      5.4722      5.4732        0.4834572015    0.1042014627E+00
        1        1        2      5.4722      5.4734        0.5230904933    0.1159626396E+00
        1        1        2      5.4722      5.4736        0.5625408191    0.1281572235E+00
        1        1        2      5.4722      5.4738        0.6017963759    0.1407368925E+00
        1        1        2      5.4722      5.4740        0.6408447181    0.1536593575E+00
        1        1        2      5.4722      5.4743        0.6796729958    0.1668862884E+00
        1        1        2      5.4722      5.4745        0.7182680941    0.1803820672E+00
        1        1        2      5.4722      5.4748        0.7566167211    0.2744117450E+00
        1        1        2      5.4722      5.4751        0.7947054669    0.2941113039E+00
        1        1        2      5.4722      5.4754        0.8325208468    0.3140540186E+00
        1        1        2      5.4722      5.4757        0.8700493350    0.3341970159E+00
        1        1        2      5.4722      5.4760        0.9072773929    0.3544984234E+00
        1        1        2      5.4722      5.4764        0.9441914956    0.3749172430E+00
        1        1        2      5.4722      5.4767        0.9807781561    0.3954132835E+00
        1        1        2      5.4722      5.4771        1.0170239501    0.4159471393E+00
        1        1        2      5.4722      5.4774        1.0529155420    0.4364802045E+00
        1        1        2      5.4722      5.4778        1.0884397107    0.4569747169E+00
        1        1        2      5.4722      5.4783        1.1235833779    0.4773938248E+00
        1        1        2      5.4722      5.4787        1.1583336375    0.4977016735E+00
        1        1        2      5.4722      5.4791        1.1926777867    0.5178635067E+00
        1        1        2      5.4722      5.4796        1.2266033595    0.5378457793E+00
        1        1        2      5.4722      5.4800        1.2600981611    0.5576162794E+00
        1        1        2      5.4722      5.4805        1.2931503045    0.5771442544E+00
        1        1        2      5.4722      5.4810        1.3257482488    0.5964005402E+00
        1        1        2      5.4722      5.4815        1.3578808381    0.6153576888E+00
        1        1        2      5.4722      5.4820        1.3895373426    0.6339900921E+00
        1        1        2      5.4722      5.4825        1.4207074997    0.6522740981E+00
        1        1        2      5.4722      5.4831        1.4513815557    0.6701881180E+00
        1        1        2      5.4722      5.4836        1.4815503079    0.6877127199E+00
        1        1        2      5.4722      5.4842        1.5112051456    0.7048307073E+00
        1        1        2      5.4722      5.4848        1.5403380909    0.7215271801E+00
        1        1        2      5.4722      5.4854        1.5689418377    0.7377895757E+00
        1        1        2      5.4722      5.4860        1.5970097887    0.7536076888E+00
        1        1        2      5.4722      5.4866        1.6245360894    0.7689736690E+00
        1        1        2      5.4722      5.4873        1.6515156599    0.7838819946E+00
        1        1        2      5.4722      5.4879        1.6779442219    0.7983294227E+00
        1        1        2      5.4722      5.4886        1.7038183222    0.8123149169E+00
        1        1        2      5.4722      5.4892        1.7291353510    0.8258395515E+00
        1        1        2      5.4722      5.4899        1.7538935553    0.8389063948E+00
        1        1        2      5.4722      5.4892        1.7291353510    0.8258395515E+00
        1        1        2      5.4722      5.4886        1.7038183222    0.8123149169E+00
        1        1        2      5.4722      5.4879        1.6779442219    0.7983294227E+00
        1        1        2      5.4722      5.4873        1.6515156599    0.7838819946E+00
        1        1        2      5.4722      5.4866        1.6245360894    0.7689736690E+00
        1        1        2      5.4722      5.4860        1.5970097887    0.7536076888E+00
        1        1        2      5.4722      5.4854        1.5689418377    0.7377895757E+00
        1        1        2      5.4722      5.4848        1.5403380909    0.7215271801E+00
        1        1        2      5.4722      5.4842        1.5112051456    0.7048307073E+00
        1        1        2      5.4722      5.4836        1.4815503079    0.6877127199E+00
        1        1        2      5.4722      5.4831        1.4513815557    0.6701881180E+00
        1        1        2      5.4722      5.4825        1.4207074997    0.6522740981E+00
        1        1        2      5.4722      5.4820        1.3895373426    0.6339900921E+00
        1        1        2      5.4722      5.4815        1.3578808381    0.6153576888E+00
        1        1        2      5.4722      5.4810        1.3257482488    0.5964005402E+00
        1        1        2      5.4722      5.4805        1.2931503045    0.5771442544E+00
        1        1        2      5.4722      5.4800        1.2600981611    0.5576162794E+00
        1        1        2      5.4722      5.4796        1.2266033595    0.5378457793E+00
        1        1        2      5.4722      5.4791        1.1926777867    0.5178635067E+00
        1        1        2      5.4722      5.4787        1.1583336375    0.4977016735E+00
        1        1        2      5.4722      5.4783        1.1235833779    0.4773938248E+00
        1        1        2      5.4722      5.4778        1.0884397107    0.4569747169E+00
        1        1        2      5.4722      5.4774        1.0529155420    0.4364802045E+00
        1        1        2      5.4722      5.4771        1.0170239501    0.4159471393E+00
        1        1        2      5.4722      5.4767        0.9807781561    0.3954132835E+00
        1        1        2      5.4722      5.4764        0.9441914956    0.3749172430E+00
        1        1        2      5.4722      5.4760        0.9072773929    0.3544984234E+00
        1        1        2      5.4722      5.4757        0.8700493350    0.3341970159E+00
        1        1        2      5.4722      5.4754        0.8325208468    0.3140540186E+00
        1        1        2      5.4722      5.4751        0.7947054669    0.2941113039E+00
        1        1        2      5.4722      5.4748        0.7566167211    0.2744117450E+00
        1        1        2      5.4722      5.4745        0.7182680941    0.1803820672E+00
        1        1        2      5.4722      5.4743        0.6796729958    0.1668862884E+00
        1        1        2      5.4722      5.4740        0.6408447181    0.1536593575E+00
        1        1        2      5.4722      5.4738        0.6017963759    0.1407368925E+00
        1        1        2      5.4722      5.4736        0.5625408191    0.1281572235E+00
        1        1        2      5.4722      5.4734        0.5230904933    0.1159626396E+00
        1        1        2      5.4722      5.4732        0.4834572015    0.1042014627E+00
        1        1        2      5.4722      5.4731        0.4436516696    0.9293170362E-01
        1        1        2      5.4722      5.4729        0.4036826857    0.8222799150E-01
        1        1        2      5.4722      5.4728        0.3635552231    0.7219595986E-01
        1        1        2      5.4722      5.4727        0.3232658005    0.6300572782E-01
        1        1        2      5.4722      5.4725        0.2827888687    0.5498200463E-01
        1        1        2      5.4722      5.4724        0.2420255128    0.4889331927E-01
        1        1        2      5.4722      5.4724        0.2017946638    0.4694004798E-01
        1        1        2      5.4722      5.4723        0.1614823370    0.4311953939E-01
        1        1        2      5.4722      5.4723        0.1210558671    0.3305699422E-02
        1        1        2      5.4722      5.4722        0.0804912864    0.2969270955E-02
        1        1        2      5.4722      5.4722        0.0395802329    0.1457551285E-02
        1        1        2      5.4722      5.4722       -0.0084832137    0.1025435430E+00
        1        1        2      5.4722      5.4722        0.0359508924    0.1087489569E-01
        1        1        2      5.4722      5.4723        0.0718688156    0.3713083399E-02
        1        1        2      5.4722      5.4726        0.1077208718    0.4544749130E-02
        1        1        2      5.4722      5.4728        0.1434743068    0.5244667724E-02
        1        1        2      5.4722      5.4732        0.1790965828    0.5859489898E-02
        1        1        2      5.4722      5.4737        0.2145554522    0.6413088733E-02
        1        1        2      5.4722      5.4742        0.2498190336    0.6919557413E-02
        1        1        2      5.4722      5.4748        0.2848558894    0.7387993552E-02
        1        1        2      5.4722      5.4755        0.3196351051    0.7824648192E-02
        1        1        2      5.4722      5.4763        0.3541263715    0.8234033631E-02
        1        1        2      5.4722      5.4771        0.3883000681    0.8619564784E-02
        1        1        2      5.4722      5.4780        0.4221273494    0.8983980614E-02
        1        1        2      5.4722      5.4790        0.4555802316    0.9329672660E-02
        1        1        2      5.4722      5.4801        0.4886316821    0.9659007181E-02
        1        1        2      5.4722      5.4813        0.5212557080    0.9974729687E-02
        1        1        2      5.4722      5.4826        0.5534274451    0.1028058629E-01
        1        1        2      5.4722      5.4839        0.5851232463    0.1058242003E-01
        1        1        2      5.4722      5.4853        0.6163207673    0.1089031044E-01
        1        1        2      5.4722      5.4868        0.6469990488    0.1122314543E-01
        1        1        2      5.4722      5.4884        0.6771385952    0.1161942472E-01
        1        1        2      5.4722      5.4900        0.7067214470    0.1216623998E-01
        1        1        2      5.4722      5.4917        0.7357312462    0.1309177366E-01
        1        1        2      5.4722      5.4935        0.7641532933    0.1514912134E-01
        1        1        2      5.4722      5.4954        0.7919745955    0.2219445626E-01
        1        1        2      5.4722      5.4973        0.8191839036    0.1575298221E+00
        1        1        2      5.4722      5.4977        0.8457717373    0.4772896022E+00
        1        1        2      5.4722      5.4979        0.8717303988    0.4894509206E+00
        1        1        2      5.4722      5.4981        0.8970539732    0.5012333664E+00
        1        1        2      5.4722      5.4983        0.9217383152    0.5129224624E+00
        1        1        2      5.4722      5.4985        0.9457810237    0.5245475041E+00
        1        1        2      5.4722      5.4987        0.9691814024    0.5361144463E+00
        1        1        2      5.4722      5.4989        0.9919404082    0.5476243817E+00
        1        1        2      5.4722      5.4991        1.0140605885    0.5590768807E+00
        1        1        2      5.4722      5.4994        1.0355460069    0.5704709233E+00
        1        1        2      5.4722      5.4996        1.0564021600    0.5818052609E+00
        1        1        2      5.4722      5.4998        1.0766358855    0.5930785999E+00
        1        1        2      5.4722      5.5001        1.0962552644    0.6042897161E+00
        1        1        2      5.4722      5.5004        1.1152695171    0.6154375340E+00
        1        1        2      5.4722      5.5006        1.1336888965    0.6265211858E+00
        1        1        2      5.4722      5.5009        1.1515245792    0.6375400548E+00
        1        1        2      5.4722      5.5012        1.1687885555    0.6484938076E+00
        1        1        2      5.4722      5.5015        1.1854935207    0.6593824164E+00
        1        1        2      5.4722      5.5018        1.2016527686    0.6702061726E+00
        1        1        2      5.4722      5.5021        1.2172800880    0.6809656938E+00
        1        1        2      5.4722      5.5025        1.2323896635    0.6916619242E+00
        1        1        2      5.4722      5.5028        1.2469959813    0.7022961301E+00
        1        1        2      5.4722      5.5031        1.2611137408    0.7128698917E+00
        1        1        2      5.4722      5.5035        1.2747577720    0.7233850906E+00
        1        1        2      5.4722      5.5038        1.2879429597    0.7338438955E+00
        1        1        2      5.4722      5.5042        1.3006841746    0.6580070489E+00
        1        1        2      5.4722      5.5038        1.2879429597    0.7338438955E+00
        1        1        2      5.4722      5.5035        1.2747577720    0.7233850906E+00
        1        1        2      5.4722      5.5031        1.2611137408    0.7128698917E+00
        1        1        2      5.4722      5.5028        1.2469959813    0.7022961301E+00
        1        1        2      5.4722      5.5025        1.2323896635    0.6916619242E+00
        1        1        2      5.4722      5.5021        1.2172800880    0.6809656938E+00
        1        1        2      5.4722      5.5018        1.2016527686    0.6702061726E+00
        1        1        2      5.4722      5.5015        1.1854935207    0.6593824164E+00
        1        1        2      5.4722      5.5012        1.1687885555    0.6484938076E+00
        1        1        2      5.4722      5.5009        1.1515245792    0.6375400548E+00
        1        1        2      5.4722      5.5006        1.1336888965    0.6265211858E+00
        1        1        2      5.4722      5.5004        1.1152695171    0.6154375340E+00
        1        1        2      5.4722      5.5001        1.0962552644    0.6042897161E+00
        1        1        2      5.4722      5.4998        1.0766358855    0.5930785999E+00
        1        1        2      5.4722      5.4996        1.0564021600    0.5818052609E+00
        1        1        2      5.4722      5.4994        1.0355460069    0.5704709233E+00
        1        1        2      5.4722      5.4991        1.0140605885    0.5590768807E+00
        1        1        2      5.4722      5.4989        0.9919404082    0.5476243817E+00
        1        1        2      5.4722      5.4987        0.9691814024    0.5361144463E+00
        1        1        2      5.4722      5.4985        0.9457810237    0.5245475041E+00
        1        1        2      5.4722      5.4983        0.9217383152    0.5129224624E+00
        1        1        2      5.4722      5.4981        0.8970539732    0.5012333664E+00
        1        1        2      5.4722      5.4979        0.8717303988    0.4894509206E+00
        1        1        2      5.4722      5.4977        0.8457717373    0.4772896022E+00
        1        1        2      5.4722      5.4973        0.8191839036    0.1575298221E+00
        1        1        2      5.4722      5.4954        0.7919745955    0.2219445626E-01
        1        1        2      5.4722      5.4935        0.7641532933    0.1514912134E-01
        1        1        2      5.4722      5.4917        0.7357312462    0.1309177366E-01
        1        1        2      5.4722      5.4900        0.7067214470    0.1216623998E-01
        1        1        2      5.4722      5.4884        0.6771385952    0.1161942472E-01
        1        1        2      5.4722      5.4868        0.6469990488    0.1122314543E-01
        1        1        2      5.4722      5.4853        0.6163207673    0.1089031044E-01
        1        1        2      5.4722      5.4839        0.5851232463    0.1058242003E-01
        1        1        2      5.4722      5.4826        0.5534274451    0.1028058629E-01
        1        1        2      5.4722      5.4813        0.5212557080    0.9974729687E-02
        1        1        2      5.4722      5.4801        0.4886316821    0.9659007181E-02
        1        1        2      5.4722      5.4790        0.4555802316    0.9329672660E-02
        1        1        2      5.4722      5.4780        0.4221273494    0.8983980614E-02
        1        1        2      5.4722      5.4771        0.3883000681    0.8619564784E-02
        1        1        2      5.4722      5.4763        0.3541263715    0.8234033631E-02
        1        1        2      5.4722      5.4755        0.3196351051    0.7824648192E-02
        1        1        2      5.4722      5.4748        0.2848558894    0.7387993552E-02
        1        1        2      5.4722      5.4742        0.2498190336    0.6919557413E-02
        1        1        2      5.4722      5.4737        0.2145554522    0.6413088733E-02
        1        1        2      5.4722      5.4732        0.1790965828    0.5859489898E-02
        1        1        2      5.4722      5.4728        0.1434743068    0.5244667724E-02
        1        1        2      5.4722      5.4726        0.1077208718    0.4544749130E-02
        1        1        2      5.4722      5.4723        0.0718688156    0.3713083399E-02
        1        1        2      5.4722      5.4722        0.0359508924    0.1087489569E-01
        1        1        2      5.4722      5.4722       -0.0084832137    0.1025435430E+00
        1        1        2      5.4722      5.4722        0.0352706410    0.1173862787E-02
        1        1        2      5.4722      5.4722        0.0720362702    0.3117034044E-02
        1        1        2      5.4722      5.4723        0.1084224880    0.5653723275E-02
        1        1        2      5.4722      5.4724        0.1446685720    0.8657176223E-02
        1        1        2      5.4722      5.4724        0.1808061486    0.2666487936E+00
        1        1        2      5.4722      5.4726        0.2214515119    0.2835859863E+00
        1        1        2      5.4722      5.4727        0.2644990233    0.4248259203E+00
        1        1        2      5.4722      5.4728        0.3066348486    0.4483193036E+00
        1        1        2      5.4722      5.4730        0.3481485744    0.4709598724E+00
        1        1        2      5.4722      5.4732        0.3891968235    0.4926773594E+00
        1        1        2      5.4722      5.4734        0.4298697615    0.5134716254E+00
        1        1        2      5.4722      5.4737        0.4702210262    0.5333692169E+00
        1        1        2      5.4722      5.4739        0.5102827062    0.5524057506E+00
        1        1        2      5.4722      5.4742        0.5500734550    0.5706183205E+00
        1        1        2      5.4722      5.4745        0.5896031668    0.5880421799E+00
        1        1        2      5.4722      5.4748        0.6288758094    0.6047093658E+00
        1        1        2      5.4722      5.4751        0.6678912132    0.6206482410E+00
        1        1        2      5.4722      5.4755        0.7066462409    0.6358834733E+00
        1        1        2      5.4722      5.4758        0.7451355767    0.6504362210E+00
        1        1        2      5.4722      5.4762        0.7833522731    0.6643244077E+00
        1        1        2      5.4722      5.4766        0.8212881404    0.6775630289E+00
        1        1        2      5.4722      5.4770        0.8589340288    0.6901644602E+00
        1        1        2      5.4722      5.4774        0.8962800405    0.7021387547E+00
        1        1        2      5.4722      5.4779        0.9333156903    0.7134939236E+00
        1        1        2      5.4722      5.4783        0.9700300320    0.7242361977E+00
        1        1        2      5.4722      5.4788        1.0064117604    0.7343702702E+00
        1        1        2      5.4722      5.4793        1.0424492952    0.7438995235E+00
        1        1        2      5.4722      5.4798        1.0781308527    0.7528262400E+00
        1        1        2      5.4722      5.4803        1.1134445091    0.7611518002E+00
        1        1        2      5.4722      5.4808        1.1483782574    0.7688768685E+00
        1        1        2      5.4722      5.4814        1.1829200605    0.7760015697E+00
        1        1        2      5.4722      5.4819        1.2170579017    0.7825256560E+00
        1        1        2      5.4722      5.4825        1.2507798332    0.7884486666E+00
        1        1        2      5.4722      5.4830        1.2840740248    0.7937700802E+00
        1        1        2      5.4722      5.4836        1.3169288112    0.7984894605E+00
        1        1        2      5.4722      5.4842        1.3493327404    0.8026065955E+00
        1        1        2      5.4722      5.4848        1.3812746217    0.8061216310E+00
        1        1        2      5.4722      5.4854        1.4127435742    0.8090351961E+00
        1        1        2      5.4722      5.4860        1.4437290758    0.8113485223E+00
        1        1        2      5.4722      5.4866        1.4742210120    0.8130635552E+00
        1        1        2      5.4722      5.4873        1.5042097246    0.8141830559E+00
        1        1        2      5.4722      5.4879        1.5336860595    0.8147106945E+00
        1        1        2      5.4722      5.4885        1.5626414145    0.8146511314E+00
        1        1        2      5.4722      5.4892        1.5910677845    0.8140100875E+00
        1        1        2      5.4722      5.4899        1.6189578052    0.8127944014E+00
        1        1        2      5.4722      5.4905        1.6463047950    0.8110120721E+00
        1        1        2      5.4722      5.4912        1.6731027924    0.8086722871E+00
        1        1        2      5.4722      5.4919        1.6993465912    0.8057854350E+00
        1        1        2      5.4722      5.4925        1.7250317706    0.8023631012E+00
        1        1        2      5.4722      5.4932        1.7501547209    0.7984180474E+00
        1        1        2      5.4722      5.4925        1.7250317706    0.8023631012E+00
        1        1        2      5.4722      5.4919        1.6993465912    0.8057854350E+00
        1        1        2      5.4722      5.4912        1.6731027924    0.8086722871E+00
        1        1        2      5.4722      5.4905        1.6463047950    0.8110120721E+00
        1        1        2      5.4722      5.4899        1.6189578052    0.8127944014E+00
        1        1        2      5.4722      5.4892        1.5910677845    0.8140100875E+00
        1        1        2      5.4722      5.4885        1.5626414145    0.8146511314E+00
        1        1        2      5.4722      5.4879        1.5336860595    0.8147106945E+00
        1        1        2      5.4722      5.4873        1.5042097246    0.8141830559E+00
        1        1        2      5.4722      5.4866        1.4742210120    0.8130635552E+00
        1        1        2      5.4722      5.4860        1.4437290758    0.8113485223E+00
        1        1        2      5.4722      5.4854        1.4127435742    0.8090351961E+00
        1        1        2      5.4722      5.4848        1.3812746217    0.8061216310E+00
        1        1        2      5.4722      5.4842        1.3493327404    0.8026065955E+00
        1        1        2      5.4722      5.4836        1.3169288112    0.7984894605E+00
        1        1        2      5.4722      5.4830        1.2840740248    0.7937700802E+00
        1        1        2      5.4722      5.4825        1.2507798332    0.7884486666E+00
        1        1        2      5.4722      5.4819        1.2170579017    0.7825256560E+00
        1        1        2      5.4722      5.4814        1.1829200605    0.7760015697E+00
        1        1        2      5.4722      5.4808        1.1483782574    0.7688768685E+00
        1        1        2      5.4722      5.4803        1.1134445091    0.7611518002E+00
        1        1        2      5.4722      5.4798        1.0781308527    0.7528262400E+00
        1        1        2      5.4722      5.4793        1.0424492952    0.7438995235E+00
        1        1        2      5.4722      5.4788        1.0064117604    0.7343702702E+00
        1        1        2      5.4722      5.4783        0.9700300320    0.7242361977E+00
        1        1        2      5.4722      5.4779        0.9333156903    0.7134939236E+00
        1        1        2      5.4722      5.4774        0.8962800405    0.7021387547E+00
        1        1        2      5.4722      5.4770        0.8589340288    0.6901644602E+00
        1        1        2      5.4722      5.4766        0.8212881404    0.6775630289E+00
        1        1        2      5.4722      5.4762        0.7833522731    0.6643244077E+00
        1        1        2      5.4722      5.4758        0.7451355767    0.6504362210E+00
        1        1        2      5.4722      5.4755        0.7066462409    0.6358834733E+00
        1        1        2      5.4722      5.4751        0.6678912132    0.6206482410E+00
        1        1        2      5.4722      5.4748        0.6288758094    0.6047093658E+00
        1        1        2      5.4722      5.4745        0.5896031668    0.5880421799E+00
        1        1        2      5.4722      5.4742        0.5500734550    0.5706183205E+00
        1        1        2      5.4722      5.4739        0.5102827062    0.5524057506E+00
        1        1        2      5.4722      5.4737        0.4702210262    0.5333692169E+00
        1        1        2      5.4722      5.4734        0.4298697615    0.5134716254E+00
        1        1        2      5.4722      5.4732        0.3891968235    0.4926773594E+00
        1        1        2      5.4722      5.4730        0.3481485744    0.4709598724E+00
        1        1        2      5.4722      5.4728        0.3066348486    0.4483193036E+00
        1        1        2      5.4722      5.4727        0.2644990233    0.4248259203E+00
        1        1        2      5.4722      5.4726        0.2214515119    0.2835859863E+00
        1        1        2      5.4722      5.4724        0.1808061486    0.2666487936E+00
        1        1        2      5.4722      5.4724        0.1446685720    0.8657176223E-02
        1        1        2      5.4722      5.4723        0.1084224880    0.5653723275E-02
        1        1        2      5.4722      5.4722        0.0720362702    0.3117034044E-02
        1        1        2      5.4722      5.4722        0.0352706410    0.1173862787E-02
        1        1        2      5.4722      5.4722       -0.0084832137    0.1025435430E+00
        1        1        2      5.4722      5.4725        0.0945227137    0.4257464265E-02
        1        1        2      5.4722      5.4733        0.1884447352    0.6010409812E-02
        1        1        2      5.4722      5.4747        0.2811798600    0.7340278470E-02
        1        1        2      5.4722      5.4767        0.3721534230    0.8439726815E-02
        1        1        2      5.4722      5.4792        0.4608264241    0.9382698577E-02
        1        1        2      5.4722      5.4823        0.5466924665    0.1021676315E-01
        1        1        2      5.4722      5.4859        0.6293023042    0.1102582111E-01
        1        1        2      5.4722      5.4901        0.7082632401    0.1220236768E-01
        1        1        2      5.4722      5.4948        0.7832542472    0.1873675566E-01
        1        1        2      5.4722      5.4978        0.8540377711    0.4812417362E+00
        1        1        2      5.4722      5.4983        0.9204546726    0.5123087236E+00
        1        1        2      5.4722      5.4988        0.9824357735    0.5427850798E+00
        1        1        2      5.4722      5.4994        1.0399893579    0.5728623738E+00
        1        1        2      5.4722      5.5001        1.0931978449    0.6025236637E+00
        1        1        2      5.4722      5.5008        1.1422097032    0.6317489268E+00
        1        1        2      5.4722      5.5015        1.1872197418    0.6605246624E+00
        1        1        2      5.4722      5.5024        1.2284629659    0.6888532818E+00
        1        1        2      5.4722      5.5033        1.2661945263    0.7167503952E+00
        1        1        2      5.4722      5.5042        1.3006841746    0.6580070489E+00
        1        1        2      5.4722      5.5052        1.3322011668    0.6792735534E+00
        1        1        2      5.4722      5.5063        1.3695382825    0.7000114061E+00
        1        1        2      5.4722      5.5074        1.4050795240    0.5976416309E+00
        1        1        2      5.4722      5.5086        1.4382635917    0.6088554624E+00
        1        1        2      5.4722      5.5099        1.4692400402    0.6191888121E+00
        1        1        2      5.4722      5.5112        1.4981543917    0.6286655657E+00
        1        1        2      5.4722      5.5126        1.5251506542    0.6373192074E+00
        1        1        2      5.4722      5.5140        1.5503657094    0.6451911796E+00
        1        1        2      5.4722      5.5155        1.5739299263    0.6523308692E+00
        1        1        2      5.4722      5.5171        1.5959675788    0.6587950119E+00
        1        1        2      5.4722      5.5187        1.6165933504    0.6646454929E+00
        1        1        2      5.4722      5.5203        1.6359155350    0.6699486921E+00
        1        1        2      5.4722      5.5220        1.6540332753    0.6747726824E+00
        1        1        2      5.4722      5.5238        1.6710380476    0.6791852950E+00
        1        1        2      5.4722      5.5255        1.6870148441    0.6832517782E+00
        1        1        2      5.4722      5.5274        1.7020403487    0.6870315344E+00
        1        1        2      5.4722      5.5292        1.7161858051    0.6905760457E+00
        1        1        2      5.4722      5.5311        1.7295151809    0.6939257431E+00
        1        1        2      5.4722      5.5331        1.7420877817    0.6971083097E+00
        1        1        2      5.4722      5.5350        1.7539568904    0.7001364563E+00
        1        1        2      5.4722      5.5370        1.7651710226    0.7030069689E+00
        1        1        2      5.4722      5.5390        1.7757749188    0.7057004173E+00
        1        1        2      5.4722      5.5411        1.7858084712    0.7081811178E+00
        1        1        2      5.4722      5.5432        1.7953087014    0.7103986550E+00
        1        1        2      5.4722      5.5452        1.8043085680    0.7122893549E+00
        1        1        2      5.4722      5.5474        1.8128387226    0.7137790876E+00
        1        1        2      5.4722      5.5495        1.8209265724    0.7147859498E+00
        1        1        2      5.4722      5.5517        1.8285970906    0.7152236584E+00
        1        1        2      5.4722      5.5538        1.8358734526    0.7150048792E+00
        1        1        2      5.4722      5.5560        1.8427762502    0.7140444430E+00
        1        1        2      5.4722      5.5583        1.8493247958    0.7122622608E+00
        1        1        2      5.4722      5.5605        1.8555363656    0.7095859255E+00
        1        1        2      5.4722      5.5628        1.8614267847    0.7059526722E+00
        1        1        2      5.4722      5.5651        1.8670108825    0.7013103839E+00
        1        1        2      5.4722      5.5674        1.8723018593    0.6956187308E+00
        1        1        2      5.4722      5.5697        1.8773122603    0.6888484016E+00
        1        1        2      5.4722      5.5721        1.8820532838    0.6809812985E+00
        1        1        2      5.4722      5.5745        1.8865356480    0.6720083117E+00
        1        1        2      5.4722      5.5770        1.8907690440    0.6619287112E+00
        1        1        2      5.4722      5.5795        1.8947625159    0.6507479182E+00
        1        1        2      5.4722      5.5820        1.8985247501    0.6384747723E+00
        1        1        2      5.4722      5.5846        1.9020636315    0.6251210955E+00
        1        1        2      5.4722      5.5872        1.9053868887    0.6106980329E+00
        1        1        2      5.4722      5.5899        1.9085016222    0.5952166218E+00
        1        1        2      5.4722      5.5927        1.9114148740    0.5786846256E+00
        1        1        2      5.4722      5.5955        1.9141332633    0.5611081949E+00
        1        1        2      5.4722      5.5983        1.9166632374    0.5424914830E+00
        1        1        2      5.4722      5.6012        1.9190112525    0.5228367640E+00
        1        1        2      5.4722      5.6042        1.9211834960    0.5021491525E+00
        1        1        2      5.4722      5.6072        1.9231862915    0.4804367524E+00
        1        1        2      5.4722      5.6103        1.9250258447    0.4577173795E+00
        1        1        2      5.4722      5.6135        1.9267084218    0.4340222286E+00
        1        1        2      5.4722      5.6167        1.9282404674    0.4093996951E+00
        1        1        2      5.4722      5.6199        1.9296284192    0.3839239746E+00
        1        1        2      5.4722      5.6232        1.9308789676    0.3576964295E+00
        1        1        2      5.4722      5.6265        1.9319988649    0.3308537237E+00
        1        1        2      5.4722      5.6299        1.9329951296    0.3035667188E+00
        1        1        2      5.4722      5.6332        1.9338748968    0.2760449328E+00
        1        1        2      5.4722      5.6366        1.9346454903    0.2485335213E+00
        1        1        2      5.4722      5.6401        1.9353144445    0.2213074443E+00
        1        1        2      5.4722      5.6435        1.9358893856    0.1946680208E+00
        1        1        2      5.4722      5.6469        1.9363781017    0.1689290400E+00
        1        1        2      5.4722      5.6504        1.9367884116    0.1444087216E+00
        1        1        2      5.4722      5.6538        1.9371281863    0.1214121164E+00
        1        1        2      5.4722      5.6572        1.9374052255    0.1002198621E+00
        1        1        2      5.4722      5.6606        1.9376272118    0.8107218439E-01
        1        1        2      5.4722      5.6640        1.9378016339    0.6415478240E-01
        1        1        2      5.4722      5.6673        1.9379356683    0.4959092040E-01
        1        1        2      5.4722      5.6707        1.9380361099    0.3743355887E-01
        1        1        2      5.4722      5.6740        1.9278743987    0.3404601865E+01
        1        1        2      5.4722      5.6772        1.8788674765    0.3471536157E+01
        1        1        2      5.4722      5.6804        1.8370594436    0.3526694875E+01
        1        1        2      5.4722      5.6836        1.8034010378    0.3568475757E+01
        1        1        2      5.4722      5.6868        1.7787111856    0.3595608310E+01
        1        1        2      5.4722      5.6899        1.7636272175    0.3588076617E+01
        1        1        2      5.4722      5.6929        1.7585528499    0.3598403686E+01
        1        1        2      5.4722      5.6902        1.7669343635    0.3580019336E+01
        1        1        2      5.4722      5.6881        1.7917320248    0.3561516532E+01
        1        1        2      5.4722      5.6864        1.8319535485    0.3508022066E+01
        1        1        2      5.4722      5.6852        1.8860897705    0.3435558886E+01
        1        1        2      5.4722      5.6845        1.9522751802    0.3346174137E+01
        1        1        2      5.4722      5.6843        2.0247291137    0.2295171374E+01
        1        1        2      5.4722      5.6846        2.0552016641    0.1374435954E+00
        1        1        2      5.4722      5.6853        2.0882758722    0.9065332037E-01
        1        1        2      5.4722      5.6865        2.1243035870    0.9549361260E-01
        1        1        2      5.4722      5.6883        2.1628704748    0.1332659466E+00
        1        1        2      5.4722      5.6904        2.2035769659    0.2126947392E+00
        1        1        2      5.4722      5.6931        2.2461565668    0.3852899422E+00
        1        1        2      5.4722      5.6962        2.2911518159    0.8800061840E+00
        1        1        2      5.4722      5.6997        2.3442318180    0.1910657719E+01
        1        1        2      5.4722      5.7036        2.4075748564    0.2093371002E+01
        1        1        2      5.4722      5.7080        2.4735562476    0.1982236609E+01
        1        1        2      5.4722      5.7127        2.5401425458    0.1792720278E+01
        1        1        2      5.4722      5.7177        2.6066741130    0.1525011548E+01
        1        1        2      5.4722      5.7227        2.6727145778    0.1156333403E+01
        1        1        2      5.4722      5.7277        2.7378884096    0.7377491902E+00
        1        1        2      5.4722      5.7325        2.8018354677    0.4301349852E+00
        1        1        2      5.4722      5.7374        2.8641840722    0.3205860945E+00
        1        1        2      5.4722      5.7425        2.9245230790    0.3226263394E+00
        1        1        2      5.4722      5.7479        2.9823660169    0.3322114521E+00
        1        1        2      5.4722      5.7537        3.0371065178    0.3166922153E+00
        1        1        2      5.4722      5.7598        3.0879808396    0.2698891768E+00
        1        1        2      5.4722      5.7663        3.1340959300    0.1930382893E+00
        1        1        2      5.4722      5.7731        3.1746277363    0.9719432880E-01
        1        1        2      5.4722      5.7803        3.2091917744    0.4961738968E-01
        1        1        2      5.4722      5.7879        3.2380721982    0.1283723829E+00
        1        1        2      5.4722      5.7958        3.2620169638    0.2052677733E+00
        1        1        2      5.4722      5.8041        3.2818403780    0.2662207170E+00
        1        1        2      5.4722      5.8127        3.2981919199    0.3151142415E+00
        1        1        2      5.4722      5.8217        3.3115219550    0.3581333896E+00
        1        1        2      5.4722      5.8310        3.3221302461    0.4013350214E+00
        1        1        2      5.4722      5.8406        3.3302260166    0.4495381209E+00
        1        1        2      5.4722      5.8506        3.3359773224    0.5054584528E+00
        1        1        2      5.4722      5.8609        3.3395452820    0.5693389508E+00
        1        1        2      5.4722      5.8715        3.3411023758    0.6393934437E+00
        1        1        2      5.4722      5.8824        3.3408359664    0.7128270447E+00
        1        1        2      5.4722      5.8936        3.3389411633    0.7868720342E+00
        1        1        2      5.4722      5.9050        3.3356091113    0.8594617408E+00
        1        1        2      5.4722      5.9168        3.3310160305    0.9295175131E+00
        1        1        2      5.4722      5.9289        3.3253157608    0.9970397431E+00
        1        1        2      5.4722      5.9412        3.3186361145    0.1063259319E+01
        1        1        2      5.4722      5.9538        3.3110780719    0.1131186392E+01
        1        1        2      5.4722      5.9667        3.3027166381    0.1207328619E+01
        1        1        2      5.4722      5.9797        3.2936024773    0.1307459707E+01
        1        1        2      5.4722      5.9930        3.2837638313    0.1482440762E+01
        1        1        2      5.4722      6.0063        3.2732085313    0.2038812223E+01
        1        1        2      5.4722      6.0130        3.2619260992    0.4612175559E+01
        1        1        2      5.4722      6.0072        3.2498900051    0.4475666108E+01
        1        1        2      5.4722      5.9995        3.2370601648    0.4326819937E+01
        1        1        2      5.4722      5.9909        3.2233857189    0.4213479272E+01
        1        1        2      5.4722      5.9818        3.2088080803    0.4124748713E+01
        1        1        2      5.4722      5.9724        3.1932641736    0.4054375641E+01
        1        1        2      5.4722      5.9628        3.1766897218    0.3997815004E+01
        1        1        2      5.4722      5.9532        3.1590223745    0.3951506184E+01
        1        1        2      5.4722      5.9436        3.1402043890    0.3912550948E+01
        1        1        2      5.4722      5.9341        3.1201844634    0.3878439905E+01
        1        1        2      5.4722      5.9248        3.0989181346    0.3846751125E+01
        1        1        2      5.4722      5.9156        3.0763658892    0.3814780864E+01
        1        1        2      5.4722      5.9066        3.0524878240    0.3779073417E+01
        1        1        2      5.4722      5.8978        3.0272336072    0.3734858102E+01
        1        1        2      5.4722      5.8893        3.0005274029    0.3675550125E+01
        1        1        2      5.4722      5.8810        2.9722509137    0.3592827132E+01
        1        1        2      5.4722      5.8730        2.9422351281    0.3478272442E+01
        1        1        2      5.4722      5.8652        2.9102788439    0.3327338921E+01
        1        1        2      5.4722      5.8577        2.8762042905    0.3143996867E+01
        1        1        2      5.4722      5.8505        2.8399265558    0.2941421166E+01
        1        1        2      5.4722      5.8435        2.8014877700    0.2736513783E+01
        1        1        2      5.4722      5.8369        2.7610355872    0.2542932747E+01
        1        1        2      5.4722      5.8306        2.7187744082    0.2368046459E+01
        1        1        2      5.4722      5.8246        2.6749246730    0.2213871531E+01
        1        1        2      5.4722      5.8190        2.6297017597    0.2079292177E+01
        1        1        2      5.4722      5.8137        2.5833094297    0.1961843162E+01
        1        1        2      5.4722      5.8087        2.5359403317    0.1858727455E+01
        1        1        2      5.4722      5.8041        2.4877789293    0.1767285065E+01
        1        1        2      5.4722      5.7999        2.4390048566    0.1685165043E+01
        1        1        2      5.4722      5.7961        2.3897961109    0.1610361625E+01
        1        1        2      5.4722      5.7927        2.3403320478    0.1541197416E+01
        1        1        2      5.4722      5.7897        2.2907963120    0.1476291177E+01
        1        1        2      5.4722      5.7872        2.2413798271    0.1414525297E+01
        1        1        2      5.4722      5.7851        2.1922839142    0.1355017997E+01
        1        1        2      5.4722      5.7835        2.1437235262    0.1297101157E+01
        1        1        2      5.4722      5.7823        2.0959305113    0.1240303109E+01
        1        1        2      5.4722      5.7816        2.0491567381    0.1184335124E+01
        1        1        2      5.4722      5.7814        2.0036768458    0.1129079871E+01
        1        1        2      5.4722      5.7817        1.9597903123    0.1074579702E+01
        1        1        2      5.4722      5.7825        1.9178224717    0.1021022132E+01
        1        1        2      5.4722      5.7838        1.8781240579    0.9687196321E+00
        1        1        2      5.4722      5.7857        1.8410688054    0.9180811115E+00
        1        1        2      5.4722      5.7880        1.8070486218    0.8695735945E+00
        1        1        2      5.4722      5.7908        1.7764658712    0.8236749631E+00
        1        1        2      5.4722      5.7941        1.7497224298    0.7322172339E+00
        1        1        2      5.4722      5.7979        1.7272054375    0.7035468336E+00
        1        1        2      5.4722      5.8022        1.7092701408    0.6779892367E+00
        1        1        2      5.4722      5.8070        1.6962209041    0.6556390660E+00
        1        1        2      5.4722      5.8123        1.6882922529    0.6364218790E+00
        1        1        2      5.4722      5.8180        1.6856324503    0.6201364925E+00
        1        1        2      5.4722      5.8120        1.6876809671    0.6311853112E+00
        1        1        2      5.4722      5.8061        1.6938034307    0.6393641631E+00
        1        1        2      5.4722      5.8003        1.7039314429    0.6447814491E+00
        1        1        2      5.4722      5.7945        1.7179537992    0.6476191829E+00
        1        1        2      5.4722      5.7888        1.7357204027    0.6481241011E+00
        1        1        2      5.4722      5.7831        1.7570472414    0.6466155812E+00
        1        1        2      5.4722      5.7775        1.7817220187    0.6805060281E+00
        1        1        2      5.4722      5.7720        1.8095100262    0.6839254407E+00
        1        1        2      5.4722      5.7665        1.8401598869    0.6886113549E+00
        1        1        2      5.4722      5.7611        1.8734088746    0.6960896586E+00
        1        1        2      5.4722      5.7558        1.9089876082    0.7081690727E+00
        1        1        2      5.4722      5.7505        1.9466240123    0.7268609820E+00
        1        1        2      5.4722      5.7453        1.9860465222    0.7542302992E+00
        1        1        2      5.4722      5.7401        2.0269865756    0.7921939363E+00
        1        1        2      5.4722      5.7350        2.0691804862    0.8423133347E+00
        1        1        2      5.4722      5.7299        2.1123708237    0.9056393470E+00
        1        1        2      5.4722      5.7249        2.1563074430    0.9826468010E+00
        1        1        2      5.4722      5.7199        2.2007483125    0.1073254715E+01
        1        1        2      5.4722      5.7149        2.2454602807    0.1176896258E+01
        1        1        2      5.4722      5.7100        2.2902199116    0.1292597653E+01
        1        1        2      5.4722      5.7050        2.3348144897    0.1419040903E+01
        1        1        2      5.4722      5.7001        2.3790432582    0.1554605033E+01
        1        1        2      5.4722      5.6952        2.4227189061    0.1697394112E+01
        1        1        2      5.4722      5.6903        2.4656692569    0.1310177443E+01
        1        1        2      5.4722      5.6854        2.4674843042    0.1756356068E+00
        1        1        2      5.4722      5.6805        2.4639604265    0.1834747015E+00
        1        1        2      5.4722      5.6755        2.4602086768    0.1911947327E+00
        1        1        2      5.4722      5.6706        2.4562215790    0.1987685115E+00
        1        1        2      5.4722      5.6656        2.4519915227    0.2061681538E+00
        1        1        2      5.4722      5.6606        2.4475107342    0.2133653550E+00
        1        1        2      5.4722      5.6557        2.4427712450    0.2203317296E+00
        1        1        2      5.4722      5.6507        2.4377648584    0.2270392088E+00
        1        1        2      5.4722      5.6456        2.4324831143    0.2334604873E+00
        1        1        2      5.4722      5.6406        2.4269172518    0.2395695010E+00
        1        1        2      5.4722      5.6356        2.4210581703    0.2453419219E+00
        1        1        2      5.4722      5.6306        2.4148963880    0.4844093292E+00
        1        1        2      5.4722      5.6256        2.4190905182    0.6146169032E+00
        1        1        2      5.4722      5.6206        2.4258413255    0.5891908713E+00
        1        1        2      5.4722      5.6157        2.4319168247    0.5617102720E+00
        1        1        2      5.4722      5.6108        2.4373339806    0.5326071644E+00
        1        1        2      5.4722      5.6059        2.4421045743    0.5022796364E+00
        1        1        2      5.4722      5.6011        2.4462356698    0.4710999979E+00
        1        1        2      5.4722      5.5964        2.4497299977    0.4394247081E+00
        1        1        2      5.4722      5.5918        2.4525862589    0.4076064907E+00
        1        1        2      5.4722      5.5872        2.4547993557    0.3760094794E+00
        1        1        2      5.4722      5.5827        2.4563605533    0.3450286273E+00
        1        1        2      5.4722      5.5784        2.4572575773    0.3151148367E+00
        1        1        2      5.4722      5.5742        2.4574746512    0.2868068206E+00
        1        1        2      5.4722      5.5701        2.4569924776    0.2607682222E+00
        1        1        2      5.4722      5.5661        2.4557881645    0.2378211629E+00
        1        1        2      5.4722      5.5622        2.4538350986    0.2189513596E+00
        1        1        2      5.4722      5.5585        2.4511027673    0.2052372422E+00
        1        1        2      5.4722      5.5550        2.4475565286    0.1976525423E+00
        1        1        2      5.4722      5.5515        2.4431573311    0.1967646920E+00
        1        1        2      5.4722      5.5482        2.4378613825    0.2024946527E+00
        1        1        2      5.4722      5.5450        2.4316197692    0.2141351775E+00
        1        1        2      5.4722      5.5420        2.4243780282    0.2306183444E+00
        1        1        2      5.4722      5.5391        2.4160756758    0.2508262382E+00
        1        1        2      5.4722      5.5363        2.4066456988    0.2737843104E+00
        1        1        2      5.4722      5.5336        2.3960140186    0.2987240385E+00
        1        1        2      5.4722      5.5310        2.3840989440    0.3250705545E+00
        1        1        2      5.4722      5.5285        2.3708106334    0.3524041079E+00
        1        1        2      5.4722      5.5261        2.3560505971    0.3804198388E+00
        1        1        2      5.4722      5.5238        2.3397112813    0.4088939836E+00
        1        1        2      5.4722      5.5216        2.3216757840    0.4376574086E+00
        1        1        2      5.4722      5.5194        2.3018177723    0.4665750888E+00
        1        1        2      5.4722      5.5173        2.2800016763    0.4955298752E+00
        1        1        2      5.4722      5.5153        2.2560832555    0.5244092514E+00
        1        1        2      5.4722      5.5133        2.2299106319    0.5530942634E+00
        1        1        2      5.4722      5.5113        2.2013258915    0.5814502478E+00
        1        1        2      5.4722      5.5094        2.1701673356    0.6093193450E+00
        1        1        2      5.4722      5.5075        2.1362724371    0.6365150517E+00
        1        1        2      5.4722      5.5057        2.0994815044    0.6628192266E+00
        1        1        2      5.4722      5.5038        2.0596419835    0.6879819950E+00
        1        1        2      5.4722      5.5020        2.0166132433    0.7117248772E+00
        1        1        2      5.4722      5.5002        1.9702715958    0.7337472020E+00
        1        1        2      5.4722      5.4984        1.9205152209    0.7537354824E+00
        1        1        2      5.4722      5.4967        1.8672686182    0.7713749923E+00
        1        1        2      5.4722      5.4949        1.8104862032    0.7863623964E+00
        1        1        2      5.4722      5.4932        1.7501547209    0.7984180474E+00
        1        1        2      5.4722      5.4915        1.6862942617    0.8072965483E+00
        1        1        2      5.4722      5.4899        1.6189578052    0.8127944014E+00
        1        1        2      5.4722      5.4882        1.5482293744    0.8147539812E+00
        1        1        2      5.4722      5.4866        1.4742210120    0.8130635552E+00
        1        1        2      5.4722      5.4851        1.3970688807    0.8076535358E+00
        1        1        2      5.4722      5.4836        1.3169288112    0.7984894605E+00
        1        1        2      5.4722      5.4822        1.2339715988    0.7855623286E+00
        1        1        2      5.4722      5.4808        1.1483782574    0.7688768685E+00
        1        1        2      5.4722      5.4795        1.0603353137    0.7484380937E+00
        1        1        2      5.4722      5.4783        0.9700300320    0.7242361977E+00
        1        1        2      5.4722      5.4772        0.8776451625    0.6962294541E+00
        1        1        2      5.4722      5.4762        0.7833522731    0.6643244077E+00
        1        1        2      5.4722      5.4753        0.6873015626    0.6283524109E+00
        1        1        2      5.4722      5.4745        0.5896031668    0.5880421799E+00
        1        1        2      5.4722      5.4738        0.4902866501    0.5429927802E+00
        1        1        2      5.4722      5.4732        0.3891968235    0.4926773594E+00
        1        1        2      5.4722      5.4728        0.2856584728    0.4366697874E+00
        1        1        2      5.4722      5.4724        0.1808061486    0.2666487936E+00
        1        1        2      5.4722      5.4723        0.0902520416    0.4321127364E-02
        1        1        2      5.4722      5.4722       -0.0084832137    0.1025435430E+00
        1        1        2      5.4722      5.4722        0.1007951659    0.3266774723E-02
        1        1        2      5.4722      5.4724        0.2017946638    0.4694004798E-01
        1        1        2      5.4722      5.4726        0.3030540658    0.5881655658E-01
        1        1        2      5.4722      5.4729        0.4036826857    0.8222799150E-01
        1        1        2      5.4722      5.4733        0.5032960154    0.1100245357E+00
        1        1        2      5.4722      5.4738        0.6017963759    0.1407368925E+00
        1        1        2      5.4722      5.4744        0.6990005198    0.1736027157E+00
        1        1        2      5.4722      5.4751        0.7947054669    0.2941113039E+00
        1        1        2      5.4722      5.4758        0.8887017637    0.3443305002E+00
        1        1        2      5.4722      5.4767        0.9807781561    0.3954132835E+00
        1        1        2      5.4722      5.4776        1.0707243753    0.4467346053E+00
        1        1        2      5.4722      5.4787        1.1583336375    0.4977016735E+00
        1        1        2      5.4722      5.4798        1.2434053573    0.5477594586E+00
        1        1        2      5.4722      5.4810        1.3257482488    0.5964005402E+00
        1        1        2      5.4722      5.4823        1.4051838366    0.6431770436E+00
        1        1        2      5.4722      5.4836        1.4815503079    0.6877127199E+00
        1        1        2      5.4722      5.4851        1.5547065435    0.7297133307E+00
        1        1        2      5.4722      5.4866        1.6245360894    0.7689736690E+00
        1        1        2      5.4722      5.4882        1.6909507628    0.8053798926E+00
        1        1        2      5.4722      5.4899        1.7538935553    0.8389063948E+00
        1        1        2      5.4722      5.4917        1.8133405091    0.8696071496E+00
        1        1        2      5.4722      5.4936        1.8693013094    0.8976022212E+00
        1        1        2      5.4722      5.4955        1.9218184572    0.9230607859E+00
        1        1        2      5.4722      5.4975        1.9709650351    0.9461824254E+00
        1        1        2      5.4722      5.4996        2.0168412350    0.9671785474E+00
        1        1        2      5.4722      5.5018        2.0595699439    0.9862555607E+00
        1        1        2      5.4722      5.5040        2.0992917617    0.1003600972E+01
        1        1        2      5.4722      5.5063        2.1361598409    0.1019373002E+01
        1        1        2      5.4722      5.5087        2.1703349027    0.1033693766E+01
        1        1        2      5.4722      5.5112        2.2019807035    0.1046645655E+01
        1        1        2      5.4722      5.5137        2.2312601352    0.1058270270E+01
        1        1        2      5.4722      5.5163        2.2583320458    0.1068569170E+01
        1        1        2      5.4722      5.5190        2.2833487891    0.1077505726E+01
        1        1        2      5.4722      5.5218        2.3064544534    0.1085007446E+01
        1        1        2      5.4722      5.5247        2.3277836822    0.1090968302E+01
        1        1        2      5.4722      5.5276        2.3474609844    0.1095250697E+01
        1        1        2      5.4722      5.5306        2.3656004272    0.1097686845E+01
        1        1        2      5.4722      5.5336        2.3823056109    0.1098079428E+01
        1        1        2      5.4722      5.5368        2.3976698391    0.1096201451E+01
        1        1        2      5.4722      5.5400        2.4117764088    0.1091795278E+01
        1        1        2      5.4722      5.5433        2.4246989608    0.1084570843E+01
        1        1        2      5.4722      5.5467        2.4365018416    0.1074203085E+01
        1        1        2      5.4722      5.5501        2.4472404394    0.1060328661E+01
        1        1        2      5.4722      5.5536        2.4569614659    0.1042542042E+01
        1        1        2      5.4722      5.5572        2.4657031588    0.1020391212E+01
        1        1        2      5.4722      5.5608        2.4734953913    0.9933732909E+00
        1        1        2      5.4722      5.5645        2.4803596722    0.9609307115E+00
        1        1        2      5.4722      5.5683        2.4863090309    0.9224490110E+00
        1        1        2      5.4722      5.5721        2.4913477836    0.8772581740E+00
        1        1        2      5.4722      5.5760        2.4954711869    0.8246410728E+00
        1        1        2      5.4722      5.5800        2.4986649960    0.7638558682E+00
        1        1        2      5.4722      5.5840        2.5009049672    0.6941866698E+00
        1        1        2      5.4722      5.5881        2.5021563703    0.6150555887E+00
        1        1        2      5.4722      5.5923        2.5023736188    0.5262842851E+00
        1        1        2      5.4722      5.5965        2.5015001813    0.4287823488E+00
        1        1        2      5.4722      5.6008        2.4994690006    0.3267180258E+00
        1        1        2      5.4722      5.6051        2.4962037077    0.2357238194E+00
        1        1        2      5.4722      5.6095        2.4916209569    0.2058173588E+00
        1        1        2      5.4722      5.6139        2.4856341743    0.2846065704E+00
        1        1        2      5.4722      5.6184        2.4781588675    0.4318042268E+00
        1        1        2      5.4722      5.6230        2.4691193452    0.6112062436E+00
        1        1        2      5.4722      5.6276        2.4584562701    0.8096113096E+00
        1        1        2      5.4722      5.6322        2.4471830780    0.7217633522E+00
        1        1        2      5.4722      5.6369        2.4511210369    0.1081728417E-01
        1        1        2      5.4722      5.6416        2.4548286524    0.1123694110E-01
        1        1        2      5.4722      5.6464        2.4583150150    0.1161801440E-01
        1        1        2      5.4722      5.6512        2.4615885941    0.1195514816E-01
        1        1        2      5.4722      5.6561        2.4646572797    0.1224437758E-01
        1        1        2      5.4722      5.6610        2.4675284200    0.1248290880E-01
        1        1        2      5.4722      5.6660        2.4702088556    0.1266894066E-01
        1        1        2      5.4722      5.6710        2.4727049529    0.1280151895E-01
        1        1        2      5.4722      5.6760        2.4750226350    0.1288041511E-01
        1        1        2      5.4722      5.6811        2.4771674136    0.1290602308E-01
        1        1        2      5.4722      5.6862        2.4791444211    0.1287926952E-01
        1        1        2      5.4722      5.6913        2.4809584467    0.1280153347E-01
        1        1        2      5.4722      5.6965        2.4826139753    0.1267457269E-01
        1        1        2      5.4722      5.7017        2.4841152342    0.1250045425E-01
        1        1        2      5.4722      5.7069        2.4854662475    0.1228148759E-01
        1        1        2      5.4722      5.7122        2.4588174827    0.3752049675E+01
        1        1        2      5.4722      5.7175        2.4130802025    0.3845554205E+01
        1        1        2      5.4722      5.7228        2.3669059274    0.3936635541E+01
        1        1        2      5.4722      5.7282        2.3204137899    0.4024975225E+01
        1        1        2      5.4722      5.7336        2.2737475826    0.4110234224E+01
        1        1        2      5.4722      5.7390        2.2270793993    0.4192078675E+01
        1        1        2      5.4722      5.7444        2.1806128844    0.4270201399E+01
        1        1        2      5.4722      5.7499        2.1345857613    0.4344337443E+01
        1        1        2      5.4722      5.7553        2.0892713052    0.4414271887E+01
        1        1        2      5.4722      5.7608        2.0449784480    0.4479838883E+01
        1        1        2      5.4722      5.7663        2.0020502519    0.4540912167E+01
        1        1        2      5.4722      5.7719        1.9608605520    0.4597388753E+01
        1        1        2      5.4722      5.7774        1.9218086387    0.4649168796E+01
        1        1        2      5.4722      5.7830        1.8853119247    0.4696135476E+01
        1        1        2      5.4722      5.7885        1.8517966242    0.4738138876E+01
        1        1        2      5.4722      5.7941        1.8216865762    0.4774987273E+01
        1        1        2      5.4722      5.7997        1.7953904872    0.4806447979E+01
        1        1        2      5.4722      5.8053        1.7732880499    0.4832257862E+01
        1        1        2      5.4722      5.8109        1.7557156131    0.4852140423E+01
        1        1        2      5.4722      5.8166        1.7429522873    0.4879086867E+01
        1        1        2      5.4722      5.8222        1.7352075258    0.4879639758E+01
        1        1        2      5.4722      5.8278        1.7326112576    0.4874578403E+01
