        1        1        1      5.4722      5.4722       -0.0962060380    0.0000000000E+00
        1        1        1      5.4722      5.4722       -0.0842681733    0.0000000000E+00
        1        1        1      5.4722      5.4722       -0.0256427707    0.0000000000E+00
        1        1        1      5.4722      5.4723        0.0998394766    0.5716617447E-01
        1        1        1      5.4722      5.4723        0.1554323310    0.4929050371E-01
        1        1        1      5.4722      5.4724        0.2005201421    0.4694004798E-01
        1        1        1      5.4722      5.4724        0.2419868770    0.4889331927E-01
        1        1        1      5.4722      5.4725        0.2820446182    0.5498200463E-01
        1        1        1      5.4722      5.4727        0.3219505121    0.6300572782E-01
        1        1        1      5.4722      5.4728        0.3616859711    0.7219595986E-01
        1        1        1      5.4722      5.4729        0.4012319335    0.8222799150E-01
        1        1        1      5.4722      5.4731        0.4405692145    0.9293170362E-01
        1        1        1      5.4722      5.4732        0.4796786975    0.1042014627E+00
        1        1        1      5.4722      5.4734        0.5185414495    0.1159626396E+00
        1        1        1      5.4722      5.4736        0.5571388014    0.1281572235E+00
        1        1        1      5.4722      5.4738        0.5954524068    0.1407368925E+00
        1        1        1      5.4722      5.4740        0.6334642912    0.1536593575E+00
        1        1        1      5.4722      5.4743        0.6711568933    0.1668862884E+00
        1        1        1      5.4722      5.4745        0.7085131033    0.1803820672E+00
        1        1        1      5.4722      5.4748        0.7455162974    0.7609871703E-02
        1        1        1      5.4722      5.4751        0.7821503714    0.8093332353E-02
        1        1        1      5.4722      5.4754        0.8183997718    0.8566949373E-02
        1        1        1      5.4722      5.4757        0.8542495262    0.9028784903E-02
        1        1        1      5.4722      5.4760        0.8896852726    0.9477037983E-02
        1        1        1      5.4722      5.4764        0.9246932867    0.9910053217E-02
        1        1        1      5.4722      5.4767        0.9592605088    0.1032632806E-01
        1        1        1      5.4722      5.4771        0.9933745687    0.1072451877E-01
        1        1        1      5.4722      5.4774        1.0270238095    0.1110344495E-01
        1        1        1      5.4722      5.4778        1.0601973093    0.1146209282E-01
        1        1        1      5.4722      5.4783        1.0928849010    0.1179961729E-01
        1        1        1      5.4722      5.4787        1.1250771908    0.1211534275E-01
        1        1        1      5.4722      5.4791        1.1567655738    0.1240876296E-01
        1        1        1      5.4722      5.4796        1.1879422467    0.1267953975E-01
        1        1        1      5.4722      5.4800        1.2186002195    0.1292750096E-01
        1        1        1      5.4722      5.4805        1.2487333227    0.1315263738E-01
        1        1        1      5.4722      5.4810        1.2783362127    0.1335509889E-01
        1        1        1      5.4722      5.4815        1.3074043741    0.1353518983E-01
        1        1        1      5.4722      5.4820        1.3359341182    0.1369336356E-01
        1        1        1      5.4722      5.4825        1.3639225792    0.1383021628E-01
        1        1        1      5.4722      5.4831        1.3913677067    0.1394648007E-01
        1        1        1      5.4722      5.4836        1.4182682549    0.1404301520E-01
        1        1        1      5.4722      5.4842        1.4446237689    0.1412080164E-01
        1        1        1      5.4722      5.4848        1.4704345680    0.1418092977E-01
        1        1        1      5.4722      5.4854        1.4957017257    0.1422459036E-01
        1        1        1      5.4722      5.4860        1.5204270466    0.1425306363E-01
        1        1        1      5.4722      5.4866        1.5446130415    0.1426770756E-01
        1        1        1      5.4722      5.4873        1.5682628990    0.1426994531E-01
        1        1        1      5.4722      5.4879        1.5913804558    0.1426125183E-01
        1        1        1      5.4722      5.4886        1.6139701640    0.1424313961E-01
        1        1        1      5.4722      5.4892        1.6360370576    0.1421714373E-01
        1        1        1      5.4722      5.4899        1.6575867170    0.1418480614E-01
        1        1        1      5.4722      5.4892        1.6360370576    0.1421714373E-01
        1        1        1      5.4722      5.4886        1.6139701640    0.1424313961E-01
        1        1        1      5.4722      5.4879        1.5913804558    0.1426125183E-01
        1        1        1      5.4722      5.4873        1.5682628990    0.1426994531E-01
        1        1        1      5.4722      5.4866        1.5446130415    0.1426770756E-01
        1        1        1      5.4722      5.4860        1.5204270466    0.1425306363E-01
        1        1        1      5.4722      5.4854        1.4957017257    0.1422459036E-01
        1        1        1      5.4722      5.4848        1.4704345680    0.1418092977E-01
        1        1        1      5.4722      5.4842        1.4446237689    0.1412080164E-01
        1        1        1      5.4722      5.4836        1.4182682549    0.1404301520E-01
        1        1        1      5.4722      5.4831        1.3913677067    0.1394648007E-01
        1        1        1      5.4722      5.4825        1.3639225792    0.1383021628E-01
        1        1        1      5.4722      5.4820        1.3359341182    0.1369336356E-01
        1        1        1      5.4722      5.4815        1.3074043741    0.1353518983E-01
        1        1        1      5.4722      5.4810        1.2783362127    0.1335509889E-01
        1        1        1      5.4722      5.4805        1.2487333227    0.1315263738E-01
        1        1        1      5.4722      5.4800        1.2186002195    0.1292750096E-01
        1        1        1      5.4722      5.4796        1.1879422467    0.1267953975E-01
        1        1        1      5.4722      5.4791        1.1567655738    0.1240876296E-01
        1        1        1      5.4722      5.4787        1.1250771908    0.1211534275E-01
        1        1        1      5.4722      5.4783        1.0928849010    0.1179961729E-01
        1        1        1      5.4722      5.4778        1.0601973093    0.1146209282E-01
        1        1        1      5.4722      5.4774        1.0270238095    0.1110344495E-01
        1        1        1      5.4722      5.4771        0.9933745687    0.1072451877E-01
        1        1        1      5.4722      5.4767        0.9592605088    0.1032632806E-01
        1        1        1      5.4722      5.4764        0.9246932867    0.9910053217E-02
        1        1        1      5.4722      5.4760        0.8896852726    0.9477037983E-02
        1        1        1      5.4722      5.4757        0.8542495262    0.9028784903E-02
        1        1        1      5.4722      5.4754        0.8183997718    0.8566949373E-02
        1        1        1      5.4722      5.4751        0.7821503714    0.8093332353E-02
        1        1        1      5.4722      5.4748        0.7455162974    0.7609871703E-02
        1        1        1      5.4722      5.4745        0.7085131033    0.1803820672E+00
        1        1        1      5.4722      5.4743        0.6711568933    0.1668862884E+00
        1        1        1      5.4722      5.4740        0.6334642912    0.1536593575E+00
        1        1        1      5.4722      5.4738        0.5954524068    0.1407368925E+00
        1        1        1      5.4722      5.4736        0.5571388014    0.1281572235E+00
        1        1        1      5.4722      5.4734        0.5185414495    0.1159626396E+00
        1        1        1      5.4722      5.4732        0.4796786975    0.1042014627E+00
        1        1        1      5.4722      5.4731        0.4405692145    0.9293170362E-01
        1        1        1      5.4722      5.4729        0.4012319335    0.8222799150E-01
        1        1        1      5.4722      5.4728        0.3616859711    0.7219595986E-01
        1        1        1      5.4722      5.4727        0.3219505121    0.6300572782E-01
        1        1        1      5.4722      5.4725        0.2820446182    0.5498200463E-01
        1        1        1      5.4722      5.4724        0.2419868770    0.4889331927E-01
        1        1        1      5.4722      5.4724        0.2005201421    0.4694004798E-01
        1        1        1      5.4722      5.4723        0.1554323310    0.4929050371E-01
        1        1        1      5.4722      5.4723        0.0998394766    0.5716617447E-01
        1        1        1      5.4722      5.4722       -0.0256427707    0.0000000000E+00
        1        1        1      5.4722      5.4722       -0.0842681733    0.0000000000E+00
        1        1        1      5.4722      5.4722       -0.0962060380    0.0000000000E+00
        1        1        1      5.4722      5.4722       -0.0906066394    0.0000000000E+00
        1        1        1      5.4722      5.4723       -0.0712360174    0.0000000000E+00
        1        1        1      5.4722      5.4726        0.0118731132    0.1178593594E-01
        1        1        1      5.4722      5.4728        0.0861639640    0.6547535433E-02
        1        1        1      5.4722      5.4732        0.1294518784    0.7685388965E-02
        1        1        1      5.4722      5.4737        0.1676885550    0.9334106048E-02
        1        1        1      5.4722      5.4742        0.2036718721    0.1126382819E-01
        1        1        1      5.4722      5.4748        0.2383578324    0.1338103859E-01
        1        1        1      5.4722      5.4755        0.2721762310    0.1562936341E-01
        1        1        1      5.4722      5.4763        0.3053488850    0.1796816389E-01
        1        1        1      5.4722      5.4771        0.3379995983    0.2036455641E-01
        1        1        1      5.4722      5.4780        0.3702004471    0.2278963932E-01
        1        1        1      5.4722      5.4790        0.4019939580    0.2521641977E-01
        1        1        1      5.4722      5.4801        0.4334047733    0.2761846784E-01
        1        1        1      5.4722      5.4813        0.4644462395    0.2996880900E-01
        1        1        1      5.4722      5.4826        0.4951243441    0.3223870877E-01
        1        1        1      5.4722      5.4839        0.5254401818    0.3439595509E-01
        1        1        1      5.4722      5.4853        0.5553915598    0.3640196689E-01
        1        1        1      5.4722      5.4868        0.5849740803    0.3820628198E-01
        1        1        1      5.4722      5.4884        0.6141818918    0.3973479483E-01
        1        1        1      5.4722      5.4900        0.6430082251    0.4086114500E-01
        1        1        1      5.4722      5.4917        0.6714457840    0.4132364812E-01
        1        1        1      5.4722      5.4935        0.6994870375    0.4040932892E-01
        1        1        1      5.4722      5.4954        0.7271244411    0.3498141222E-01
        1        1        1      5.4722      5.4973        0.7543506075    0.8418679652E-01
        1        1        1      5.4722      5.4977        0.7811584401    0.3907499281E+00
        1        1        1      5.4722      5.4979        0.8075412380    0.4004953949E+00
        1        1        1      5.4722      5.4981        0.8334927788    0.4089869389E+00
        1        1        1      5.4722      5.4983        0.8590073842    0.4171342900E+00
        1        1        1      5.4722      5.4985        0.8840799714    0.4250866199E+00
        1        1        1      5.4722      5.4987        0.9087060924    0.4328899613E+00
        1        1        1      5.4722      5.4989        0.9328819635    0.4405631350E+00
        1        1        1      5.4722      5.4991        0.9566044858    0.4481150570E+00
        1        1        1      5.4722      5.4994        0.9798712586    0.4555502239E+00
        1        1        1      5.4722      5.4996        1.0026805850    0.4628708542E+00
        1        1        1      5.4722      5.4998        1.0250314724    0.4700778590E+00
        1        1        1      5.4722      5.5001        1.0469236271    0.4771713388E+00
        1        1        1      5.4722      5.5004        1.0683574433    0.4841508630E+00
        1        1        1      5.4722      5.5006        1.0893339886    0.4910156433E+00
        1        1        1      5.4722      5.5009        1.1098549847    0.4977646484E+00
        1        1        1      5.4722      5.5012        1.1299227851    0.5043966850E+00
        1        1        1      5.4722      5.5015        1.1495403488    0.5109104598E+00
        1        1        1      5.4722      5.5018        1.1687112124    0.5173046263E+00
        1        1        1      5.4722      5.5021        1.1874394590    0.5235778238E+00
        1        1        1      5.4722      5.5025        1.2057296855    0.5297287092E+00
        1        1        1      5.4722      5.5028        1.2235869684    0.5357559836E+00
        1        1        1      5.4722      5.5031        1.2410168287    0.5416584150E+00
        1        1        1      5.4722      5.5035        1.2580251955    0.5474348579E+00
        1        1        1      5.4722      5.5038        1.2746183702    0.5530842700E+00
        1        1        1      5.4722      5.5042        1.2908029891    0.6580070489E+00
        1        1        1      5.4722      5.5038        1.2746183702    0.5530842700E+00
        1        1        1      5.4722      5.5035        1.2580251955    0.5474348579E+00
        1        1        1      5.4722      5.5031        1.2410168287    0.5416584150E+00
        1        1        1      5.4722      5.5028        1.2235869684    0.5357559836E+00
        1        1        1      5.4722      5.5025        1.2057296855    0.5297287092E+00
        1        1        1      5.4722      5.5021        1.1874394590    0.5235778238E+00
        1        1        1      5.4722      5.5018        1.1687112124    0.5173046263E+00
        1        1        1      5.4722      5.5015        1.1495403488    0.5109104598E+00
        1        1        1      5.4722      5.5012        1.1299227851    0.5043966850E+00
        1        1        1      5.4722      5.5009        1.1098549847    0.4977646484E+00
        1        1        1      5.4722      5.5006        1.0893339886    0.4910156433E+00
        1        1        1      5.4722      5.5004        1.0683574433    0.4841508630E+00
        1        1        1      5.4722      5.5001        1.0469236271    0.4771713388E+00
        1        1        1      5.4722      5.4998        1.0250314724    0.4700778590E+00
        1        1        1      5.4722      5.4996        1.0026805850    0.4628708542E+00
        1        1        1      5.4722      5.4994        0.9798712586    0.4555502239E+00
        1        1        1      5.4722      5.4991        0.9566044858    0.4481150570E+00
        1        1        1      5.4722      5.4989        0.9328819635    0.4405631350E+00
        1        1        1      5.4722      5.4987        0.9087060924    0.4328899613E+00
        1        1        1      5.4722      5.4985        0.8840799714    0.4250866199E+00
        1        1        1      5.4722      5.4983        0.8590073842    0.4171342900E+00
        1        1        1      5.4722      5.4981        0.8334927788    0.4089869389E+00
        1        1        1      5.4722      5.4979        0.8075412380    0.4004953949E+00
        1        1        1      5.4722      5.4977        0.7811584401    0.3907499281E+00
        1        1        1      5.4722      5.4973        0.7543506075    0.8418679652E-01
        1        1        1      5.4722      5.4954        0.7271244411    0.3498141222E-01
        1        1        1      5.4722      5.4935        0.6994870375    0.4040932892E-01
        1        1        1      5.4722      5.4917        0.6714457840    0.4132364812E-01
        1        1        1      5.4722      5.4900        0.6430082251    0.4086114500E-01
        1        1        1      5.4722      5.4884        0.6141818918    0.3973479483E-01
        1        1        1      5.4722      5.4868        0.5849740803    0.3820628198E-01
        1        1        1      5.4722      5.4853        0.5553915598    0.3640196689E-01
        1        1        1      5.4722      5.4839        0.5254401818    0.3439595509E-01
        1        1        1      5.4722      5.4826        0.4951243441    0.3223870877E-01
        1        1        1      5.4722      5.4813        0.4644462395    0.2996880900E-01
        1        1        1      5.4722      5.4801        0.4334047733    0.2761846784E-01
        1        1        1      5.4722      5.4790        0.4019939580    0.2521641977E-01
        1        1        1      5.4722      5.4780        0.3702004471    0.2278963932E-01
        1        1        1      5.4722      5.4771        0.3379995983    0.2036455641E-01
        1        1        1      5.4722      5.4763        0.3053488850    0.1796816389E-01
        1        1        1      5.4722      5.4755        0.2721762310    0.1562936341E-01
        1        1        1      5.4722      5.4748        0.2383578324    0.1338103859E-01
        1        1        1      5.4722      5.4742        0.2036718721    0.1126382819E-01
        1        1        1      5.4722      5.4737        0.1676885550    0.9334106048E-02
        1        1        1      5.4722      5.4732        0.1294518784    0.7685388965E-02
        1        1        1      5.4722      5.4728        0.0861639640    0.6547535433E-02
        1        1        1      5.4722      5.4726        0.0118731132    0.1178593594E-01
        1        1        1      5.4722      5.4723       -0.0712360174    0.0000000000E+00
        1        1        1      5.4722      5.4722       -0.0906066394    0.0000000000E+00
        1        1        1      5.4722      5.4722       -0.0962060380    0.0000000000E+00
        1        1        1      5.4722      5.4722       -0.0873145169    0.0000000000E+00
        1        1        1      5.4722      5.4722       -0.0523160279    0.0000000000E+00
        1        1        1      5.4722      5.4723        0.0734045329    0.3598869269E+00
        1        1        1      5.4722      5.4724        0.1293689897    0.3565045472E+00
        1        1        1      5.4722      5.4724        0.1768976679    0.2666487936E+00
        1        1        1      5.4722      5.4726        0.2168333360    0.2835859863E+00
        1        1        1      5.4722      5.4727        0.2527388926    0.1984883873E-01
        1        1        1      5.4722      5.4728        0.2885082282    0.2417388390E-01
        1        1        1      5.4722      5.4730        0.3241254222    0.2874698455E-01
        1        1        1      5.4722      5.4732        0.3595740499    0.3354417568E-01
        1        1        1      5.4722      5.4734        0.3948375758    0.3854369153E-01
        1        1        1      5.4722      5.4737        0.4298995659    0.4372539380E-01
        1        1        1      5.4722      5.4739        0.4647438171    0.4907038180E-01
        1        1        1      5.4722      5.4742        0.4993544432    0.5456071860E-01
        1        1        1      5.4722      5.4745        0.5337159387    0.6017923438E-01
        1        1        1      5.4722      5.4748        0.5678132288    0.6590938309E-01
        1        1        1      5.4722      5.4751        0.6016317104    0.7173513716E-01
        1        1        1      5.4722      5.4755        0.6351572882    0.7764091059E-01
        1        1        1      5.4722      5.4758        0.6683764056    0.8361150376E-01
        1        1        1      5.4722      5.4762        0.7012760727    0.8963206549E-01
        1        1        1      5.4722      5.4766        0.7338438912    0.9568806918E-01
        1        1        1      5.4722      5.4770        0.7660680766    0.1017653009E+00
        1        1        1      5.4722      5.4774        0.7979374784    0.1078498573E+00
        1        1        1      5.4722      5.4779        0.8294415967    0.1139281527E+00
        1        1        1      5.4722      5.4783        0.8605705976    0.1199869326E+00
        1        1        1      5.4722      5.4788        0.8913153255    0.1260132942E+00
        1        1        1      5.4722      5.4793        0.9216673132    0.1319947122E+00
        1        1        1      5.4722      5.4798        0.9516187890    0.1379190674E+00
        1        1        1      5.4722      5.4803        0.9811626820    0.1437746800E+00
        1        1        1      5.4722      5.4808        1.0102926244    0.1495503439E+00
        1        1        1      5.4722      5.4814        1.0390029514    0.1552353623E+00
        1        1        1      5.4722      5.4819        1.0672886985    0.1608195838E+00
        1        1        1      5.4722      5.4825        1.0951455965    0.1662934373E+00
        1        1        1      5.4722      5.4830        1.1225700639    0.1716479658E+00
        1        1        1      5.4722      5.4836        1.1495591966    0.1768748576E+00
        1        1        1      5.4722      5.4842        1.1761107560    0.1819664751E+00
        1        1        1      5.4722      5.4848        1.2022231543    0.1869158789E+00
        1        1        1      5.4722      5.4854        1.2278954379    0.1917168495E+00
        1        1        1      5.4722      5.4860        1.2531272689    0.1963639034E+00
        1        1        1      5.4722      5.4866        1.2779189045    0.2008523048E+00
        1        1        1      5.4722      5.4873        1.3022711750    0.2051780724E+00
        1        1        1      5.4722      5.4879        1.3261854606    0.2093379815E+00
        1        1        1      5.4722      5.4885        1.3496636658    0.2133295606E+00
        1        1        1      5.4722      5.4892        1.3727081941    0.2171510832E+00
        1        1        1      5.4722      5.4899        1.3953219208    0.2208015546E+00
        1        1        1      5.4722      5.4905        1.4175081652    0.2242806949E+00
        1        1        1      5.4722      5.4912        1.4392706625    0.2275889165E+00
        1        1        1      5.4722      5.4919        1.4606135355    0.2307272980E+00
        1        1        1      5.4722      5.4925        1.4815412654    0.2336975552E+00
        1        1        1      5.4722      5.4932        1.5020586633    0.2365020076E+00
        1        1        1      5.4722      5.4925        1.4815412654    0.2336975552E+00
        1        1        1      5.4722      5.4919        1.4606135355    0.2307272980E+00
        1        1        1      5.4722      5.4912        1.4392706625    0.2275889165E+00
        1        1        1      5.4722      5.4905        1.4175081652    0.2242806949E+00
        1        1        1      5.4722      5.4899        1.3953219208    0.2208015546E+00
        1        1        1      5.4722      5.4892        1.3727081941    0.2171510832E+00
        1        1        1      5.4722      5.4885        1.3496636658    0.2133295606E+00
        1        1        1      5.4722      5.4879        1.3261854606    0.2093379815E+00
        1        1        1      5.4722      5.4873        1.3022711750    0.2051780724E+00
        1        1        1      5.4722      5.4866        1.2779189045    0.2008523048E+00
        1        1        1      5.4722      5.4860        1.2531272689    0.1963639034E+00
        1        1        1      5.4722      5.4854        1.2278954379    0.1917168495E+00
        1        1        1      5.4722      5.4848        1.2022231543    0.1869158789E+00
        1        1        1      5.4722      5.4842        1.1761107560    0.1819664751E+00
        1        1        1      5.4722      5.4836        1.1495591966    0.1768748576E+00
        1        1        1      5.4722      5.4830        1.1225700639    0.1716479658E+00
        1        1        1      5.4722      5.4825        1.0951455965    0.1662934373E+00
        1        1        1      5.4722      5.4819        1.0672886985    0.1608195838E+00
        1        1        1      5.4722      5.4814        1.0390029514    0.1552353623E+00
        1        1        1      5.4722      5.4808        1.0102926244    0.1495503439E+00
        1        1        1      5.4722      5.4803        0.9811626820    0.1437746800E+00
        1        1        1      5.4722      5.4798        0.9516187890    0.1379190674E+00
        1        1        1      5.4722      5.4793        0.9216673132    0.1319947122E+00
        1        1        1      5.4722      5.4788        0.8913153255    0.1260132942E+00
        1        1        1      5.4722      5.4783        0.8605705976    0.1199869326E+00
        1        1        1      5.4722      5.4779        0.8294415967    0.1139281527E+00
        1        1        1      5.4722      5.4774        0.7979374784    0.1078498573E+00
        1        1        1      5.4722      5.4770        0.7660680766    0.1017653009E+00
        1        1        1      5.4722      5.4766        0.7338438912    0.9568806918E-01
        1        1        1      5.4722      5.4762        0.7012760727    0.8963206549E-01
        1        1        1      5.4722      5.4758        0.6683764056    0.8361150376E-01
        1        1        1      5.4722      5.4755        0.6351572882    0.7764091059E-01
        1        1        1      5.4722      5.4751        0.6016317104    0.7173513716E-01
        1        1        1      5.4722      5.4748        0.5678132288    0.6590938309E-01
        1        1        1      5.4722      5.4745        0.5337159387    0.6017923438E-01
        1        1        1      5.4722      5.4742        0.4993544432    0.5456071860E-01
        1        1        1      5.4722      5.4739        0.4647438171    0.4907038180E-01
        1        1        1      5.4722      5.4737        0.4298995659    0.4372539380E-01
        1        1        1      5.4722      5.4734        0.3948375758    0.3854369153E-01
        1        1        1      5.4722      5.4732        0.3595740499    0.3354417568E-01
        1        1        1      5.4722      5.4730        0.3241254222    0.2874698455E-01
        1        1        1      5.4722      5.4728        0.2885082282    0.2417388390E-01
        1        1        1      5.4722      5.4727        0.2527388926    0.1984883873E-01
        1        1        1      5.4722      5.4726        0.2168333360    0.2835859863E+00
        1        1        1      5.4722      5.4724        0.1768976679    0.2666487936E+00
        1        1        1      5.4722      5.4724        0.1293689897    0.3565045472E+00
        1        1        1      5.4722      5.4723        0.0734045329    0.3598869269E+00
        1        1        1      5.4722      5.4722       -0.0523160279    0.0000000000E+00
        1        1        1      5.4722      5.4722       -0.0873145169    0.0000000000E+00
        1        1        1      5.4722      5.4722       -0.0962060380    0.0000000000E+00
        1        1        1      5.4722      5.4725       -0.0449641065    0.0000000000E+00
        1        1        1      5.4722      5.4733        0.1398284701    0.8083821448E-02
        1        1        1      5.4722      5.4747        0.2347531608    0.1315121973E-01
        1        1        1      5.4722      5.4767        0.3225925705    0.1922410259E-01
        1        1        1      5.4722      5.4792        0.4069787176    0.2559802763E-01
        1        1        1      5.4722      5.4823        0.4886951557    0.3176899252E-01
        1        1        1      5.4722      5.4859        0.5678925491    0.3718980175E-01
        1        1        1      5.4722      5.4901        0.6445152235    0.4090540243E-01
        1        1        1      5.4722      5.4948        0.7184406318    0.3771989219E-01
        1        1        1      5.4722      5.4978        0.7895363514    0.3941521564E+00
        1        1        1      5.4722      5.4983        0.8576750219    0.4167108198E+00
        1        1        1      5.4722      5.4988        0.9227578056    0.4373475017E+00
        1        1        1      5.4722      5.4994        0.9847118241    0.4571010558E+00
        1        1        1      5.4722      5.5001        1.0434973461    0.4760588385E+00
        1        1        1      5.4722      5.5008        1.0991114409    0.4942271490E+00
        1        1        1      5.4722      5.5015        1.1515790492    0.5115891013E+00
        1        1        1      5.4722      5.5024        1.2009588021    0.5281220359E+00
        1        1        1      5.4722      5.5033        1.2473314212    0.5438011719E+00
        1        1        1      5.4722      5.5042        1.2908029891    0.6580070489E+00
        1        1        1      5.4722      5.5052        1.3314941129    0.6792735534E+00
        1        1        1      5.4722      5.5063        1.3610089167    0.7000114061E+00
        1        1        1      5.4722      5.5074        1.3873607483    0.8248516796E+00
        1        1        1      5.4722      5.5086        1.4114924345    0.8513026219E+00
        1        1        1      5.4722      5.5099        1.4336240527    0.8776677444E+00
        1        1        1      5.4722      5.5112        1.4539553555    0.9040235013E+00
        1        1        1      5.4722      5.5126        1.4726691196    0.9304486074E+00
        1        1        1      5.4722      5.5140        1.4899289511    0.9570189050E+00
        1        1        1      5.4722      5.5155        1.5058815729    0.9838073916E+00
        1        1        1      5.4722      5.5171        1.5206588461    0.1010884451E+01
        1        1        1      5.4722      5.5187        1.5343770507    0.1038313116E+01
        1        1        1      5.4722      5.5203        1.5471405092    0.1066152184E+01
        1        1        1      5.4722      5.5220        1.5590410408    0.1094451739E+01
        1        1        1      5.4722      5.5238        1.5701600751    0.1123254013E+01
        1        1        1      5.4722      5.5255        1.5805703759    0.1152594591E+01
        1        1        1      5.4722      5.5274        1.5903356578    0.1182498269E+01
        1        1        1      5.4722      5.5292        1.5995131329    0.1212983444E+01
        1        1        1      5.4722      5.5311        1.6081528789    0.1244057691E+01
        1        1        1      5.4722      5.5331        1.6163000019    0.1275722721E+01
        1        1        1      5.4722      5.5350        1.6239941368    0.1307970798E+01
        1        1        1      5.4722      5.5370        1.6312705752    0.1340787163E+01
        1        1        1      5.4722      5.5390        1.6381611666    0.1374152830E+01
        1        1        1      5.4722      5.5411        1.6446938311    0.1408041245E+01
        1        1        1      5.4722      5.5432        1.6508940143    0.1442424549E+01
        1        1        1      5.4722      5.5452        1.6567840492    0.1477269763E+01
        1        1        1      5.4722      5.5474        1.6623844126    0.1512545455E+01
        1        1        1      5.4722      5.5495        1.6677132014    0.1548218665E+01
        1        1        1      5.4722      5.5517        1.6727867329    0.1584258429E+01
        1        1        1      5.4722      5.5538        1.6776200222    0.1620639439E+01
        1        1        1      5.4722      5.5560        1.6822263048    0.1657338735E+01
        1        1        1      5.4722      5.5583        1.6866179365    0.1694342593E+01
        1        1        1      5.4722      5.5605        1.6908059137    0.1731642799E+01
        1        1        1      5.4722      5.5628        1.6948002803    0.1769239572E+01
        1        1        1      5.4722      5.5651        1.6986104499    0.1807144226E+01
        1        1        1      5.4722      5.5674        1.7022447814    0.1845374244E+01
        1        1        1      5.4722      5.5697        1.7057112469    0.1883958706E+01
        1        1        1      5.4722      5.5721        1.7090169540    0.1922931700E+01
        1        1        1      5.4722      5.5745        1.7121687422    0.1962337024E+01
        1        1        1      5.4722      5.5770        1.7151727947    0.2002221480E+01
        1        1        1      5.4722      5.5795        1.7180348923    0.2042635242E+01
        1        1        1      5.4722      5.5820        1.7207606107    0.2083632147E+01
        1        1        1      5.4722      5.5846        1.7233549868    0.2125262108E+01
        1        1        1      5.4722      5.5872        1.7258229699    0.2167575073E+01
        1        1        1      5.4722      5.5899        1.7281690584    0.2210612393E+01
        1        1        1      5.4722      5.5927        1.7303977030    0.2254410982E+01
        1        1        1      5.4722      5.5955        1.7325130134    0.2298995399E+01
        1        1        1      5.4722      5.5983        1.7345189222    0.2344378096E+01
        1        1        1      5.4722      5.6012        1.7364193087    0.2390560054E+01
        1        1        1      5.4722      5.6042        1.7382177519    0.2437522854E+01
        1        1        1      5.4722      5.6072        1.7399178336    0.2485234057E+01
        1        1        1      5.4722      5.6103        1.7415229057    0.2533639671E+01
        1        1        1      5.4722      5.6135        1.7430362100    0.2582665848E+01
        1        1        1      5.4722      5.6167        1.7444609642    0.2632221353E+01
        1        1        1      5.4722      5.6199        1.7458001709    0.2682191308E+01
        1        1        1      5.4722      5.6232        1.7470568390    0.2732445797E+01
        1        1        1      5.4722      5.6265        1.7482337833    0.2782834263E+01
        1        1        1      5.4722      5.6299        1.7493338179    0.2833196051E+01
        1        1        1      5.4722      5.6332        1.7503595967    0.2883357520E+01
        1        1        1      5.4722      5.6366        1.7513136864    0.2933139488E+01
        1        1        1      5.4722      5.6401        1.7521986136    0.2982365098E+01
        1        1        1      5.4722      5.6435        1.7530167388    0.3030858411E+01
        1        1        1      5.4722      5.6469        1.7537703883    0.3078456802E+01
        1        1        1      5.4722      5.6504        1.7544617251    0.3125007843E+01
        1        1        1      5.4722      5.6538        1.7550928592    0.3170379721E+01
        1        1        1      5.4722      5.6572        1.7556657472    0.3214456883E+01
        1        1        1      5.4722      5.6606        1.7561822302    0.3257143262E+01
        1        1        1      5.4722      5.6640        1.7566440521    0.3298363650E+01
        1        1        1      5.4722      5.6673        1.7570527855    0.3338055891E+01
        1        1        1      5.4722      5.6707        1.7574098957    0.3376173847E+01
        1        1        1      5.4722      5.6740        1.7577166756    0.3412677740E+01
        1        1        1      5.4722      5.6772        1.7579742662    0.3447530736E+01
        1        1        1      5.4722      5.6804        1.7581836603    0.3480691218E+01
        1        1        1      5.4722      5.6836        1.7583456638    0.3512085611E+01
        1        1        1      5.4722      5.6868        1.7584609220    0.3541530054E+01
        1        1        1      5.4722      5.6899        1.7585298907    0.3588076617E+01
        1        1        1      5.4722      5.6929        1.7585528499    0.3598403686E+01
        1        1        1      5.4722      5.6902        1.7623397109    0.3580019336E+01
        1        1        1      5.4722      5.6881        1.7736294107    0.3526836282E+01
        1        1        1      5.4722      5.6864        1.7922139784    0.3475680604E+01
        1        1        1      5.4722      5.6852        1.8177616064    0.3413569614E+01
        1        1        1      5.4722      5.6845        1.8498363737    0.3341421966E+01
        1        1        1      5.4722      5.6843        1.8879216157    0.3260179220E+01
        1        1        1      5.4722      5.6846        1.9314439961    0.3170775603E+01
        1        1        1      5.4722      5.6853        1.9797955753    0.3074034689E+01
        1        1        1      5.4722      5.6865        2.0323512551    0.2970507668E+01
        1        1        1      5.4722      5.6883        2.0884776470    0.2860105836E+01
        1        1        1      5.4722      5.6904        2.1475214141    0.2740772654E+01
        1        1        1      5.4722      5.6931        2.2087169314    0.2600939722E+01
        1        1        1      5.4722      5.6962        2.2705242992    0.2343665349E+01
        1        1        1      5.4722      5.6997        2.3263215354    0.1401704038E+01
        1        1        1      5.4722      5.7036        2.3730290212    0.7531156784E+00
        1        1        1      5.4722      5.7080        2.4174267890    0.5687390632E+00
        1        1        1      5.4722      5.7127        2.4607638884    0.5349543110E+00
        1        1        1      5.4722      5.7177        2.5029777513    0.5887473118E+00
        1        1        1      5.4722      5.7227        2.5438445128    0.7059448000E+00
        1        1        1      5.4722      5.7277        2.5831380299    0.8222876574E+00
        1        1        1      5.4722      5.7325        2.6206671545    0.8632922291E+00
        1        1        1      5.4722      5.7374        2.6562874968    0.8306648754E+00
        1        1        1      5.4722      5.7425        2.6899043641    0.7597429551E+00
        1        1        1      5.4722      5.7479        2.7214710287    0.6745566957E+00
        1        1        1      5.4722      5.7537        2.7509839234    0.5872214275E+00
        1        1        1      5.4722      5.7598        2.7784758309    0.5037846055E+00
        1        1        1      5.4722      5.7663        2.8040080156    0.4275549912E+00
        1        1        1      5.4722      5.7731        2.8276621491    0.3608315184E+00
        1        1        1      5.4722      5.7803        2.8495327112    0.3060416454E+00
        1        1        1      5.4722      5.7879        2.8697203281    0.2665873201E+00
        1        1        1      5.4722      5.7958        2.8883262891    0.2468188644E+00
        1        1        1      5.4722      5.8041        2.9054482952    0.2499816115E+00
        1        1        1      5.4722      5.8127        2.9211773592    0.2754257337E+00
        1        1        1      5.4722      5.8217        2.9355957061    0.3191377000E+00
        1        1        1      5.4722      5.8310        2.9487754902    0.3767513293E+00
        1        1        1      5.4722      5.8406        2.9607781516    0.4451682427E+00
        1        1        1      5.4722      5.8506        2.9716542582    0.5225261714E+00
        1        1        1      5.4722      5.8609        2.9814437088    0.6077359098E+00
        1        1        1      5.4722      5.8715        2.9901762073    0.7001129373E+00
        1        1        1      5.4722      5.8824        2.9978719466    0.7991567527E+00
        1        1        1      5.4722      5.8936        3.0045424626    0.9044282788E+00
        1        1        1      5.4722      5.9050        3.0101916387    0.1015481410E+01
        1        1        1      5.4722      5.9168        3.0148168481    0.1131822195E+01
        1        1        1      5.4722      5.9289        3.0184102234    0.1252880436E+01
        1        1        1      5.4722      5.9412        3.0209600399    0.1377982549E+01
        1        1        1      5.4722      5.9538        3.0224521807    0.1506309030E+01
        1        1        1      5.4722      5.9667        3.0228716390    0.1636786471E+01
        1        1        1      5.4722      5.9797        3.0222039866    0.1767690153E+01
        1        1        1      5.4722      5.9930        3.0204367181    0.1894403318E+01
        1        1        1      5.4722      6.0063        3.0175603680    0.1978654444E+01
        1        1        1      5.4722      6.0130        3.0135692887    0.6891289342E+00
        1        1        1      5.4722      6.0072        3.0084619956    0.2279737546E+00
        1        1        1      5.4722      5.9995        3.0022410022    0.1853853154E+00
        1        1        1      5.4722      5.9909        2.9949121122    0.1946182526E+00
        1        1        1      5.4722      5.9818        2.9864831660    0.2168386399E+00
        1        1        1      5.4722      5.9724        2.9769622785    0.2424528088E+00
        1        1        1      5.4722      5.9628        2.9663556199    0.2678836259E+00
        1        1        1      5.4722      5.9532        2.9546648035    0.2912631811E+00
        1        1        1      5.4722      5.9436        2.9418839349    0.3113110504E+00
        1        1        1      5.4722      5.9341        2.9279963860    0.3270137189E+00
        1        1        1      5.4722      5.9248        2.9129713725    0.3375836666E+00
        1        1        1      5.4722      5.9156        2.8967605043    0.3425790949E+00
        1        1        1      5.4722      5.9066        2.8792946384    0.3421862942E+00
        1        1        1      5.4722      5.8978        2.8604816665    0.3377037725E+00
        1        1        1      5.4722      5.8893        2.8402062776    0.3322068922E+00
        1        1        1      5.4722      5.8810        2.8183331531    0.3310628291E+00
        1        1        1      5.4722      5.8730        2.7947151607    0.3413102728E+00
        1        1        1      5.4722      5.8652        2.7692074166    0.3688642954E+00
        1        1        1      5.4722      5.8577        2.7416861911    0.4149734319E+00
        1        1        1      5.4722      5.8505        2.7120689535    0.4755569724E+00
        1        1        1      5.4722      5.8435        2.6803299654    0.5437488945E+00
        1        1        1      5.4722      5.8369        2.6465066220    0.6127074543E+00
        1        1        1      5.4722      5.8306        2.6106953218    0.6771333881E+00
        1        1        1      5.4722      5.8246        2.5730397421    0.7336829301E+00
        1        1        1      5.4722      5.8190        2.5337163860    0.7807730699E+00
        1        1        1      5.4722      5.8137        2.4929215586    0.8181362245E+00
        1        1        1      5.4722      5.8087        2.4508618850    0.8463431073E+00
        1        1        1      5.4722      5.8041        2.4077486378    0.8664043265E+00
        1        1        1      5.4722      5.7999        2.3637951532    0.8794841611E+00
        1        1        1      5.4722      5.7961        2.3192163590    0.8867178722E+00
        1        1        1      5.4722      5.7927        2.2742295652    0.8891090698E+00
        1        1        1      5.4722      5.7897        2.2290559110    0.8874836144E+00
        1        1        1      5.4722      5.7872        2.1839220812    0.8824817121E+00
        1        1        1      5.4722      5.7851        2.1390620591    0.8745752946E+00
        1        1        1      5.4722      5.7835        2.0947187835    0.8641017205E+00
        1        1        1      5.4722      5.7823        2.0511456198    0.8513072040E+00
        1        1        1      5.4722      5.7816        2.0086075619    0.8363946073E+00
        1        1        1      5.4722      5.7814        1.9673820606    0.8195707880E+00
        1        1        1      5.4722      5.7817        1.9277593274    0.8010888793E+00
        1        1        1      5.4722      5.7825        1.8900419057    0.7812808922E+00
        1        1        1      5.4722      5.7838        1.8545432453    0.7605760268E+00
        1        1        1      5.4722      5.7857        1.8215849783    0.7395003924E+00
        1        1        1      5.4722      5.7880        1.7914925968    0.7186549571E+00
        1        1        1      5.4722      5.7908        1.7645893059    0.6986711266E+00
        1        1        1      5.4722      5.7941        1.7411879755    0.7322172339E+00
        1        1        1      5.4722      5.7979        1.7215813607    0.7035468336E+00
        1        1        1      5.4722      5.8022        1.7060310751    0.6779892367E+00
        1        1        1      5.4722      5.8070        1.6947561325    0.6556390660E+00
        1        1        1      5.4722      5.8123        1.6879221522    0.6364218790E+00
        1        1        1      5.4722      5.8180        1.6856324503    0.6201364925E+00
        1        1        1      5.4722      5.8120        1.6874065374    0.6311853112E+00
        1        1        1      5.4722      5.8061        1.6927052649    0.6393641631E+00
        1        1        1      5.4722      5.8003        1.7014586348    0.6447814491E+00
        1        1        1      5.4722      5.7945        1.7135519415    0.6476191829E+00
        1        1        1      5.4722      5.7888        1.7288285220    0.6481241011E+00
        1        1        1      5.4722      5.7831        1.7470932685    0.6466155812E+00
        1        1        1      5.4722      5.7775        1.7681166308    0.6042334126E+00
        1        1        1      5.4722      5.7720        1.7916388445    0.5913146480E+00
        1        1        1      5.4722      5.7665        1.8173741648    0.5757163501E+00
        1        1        1      5.4722      5.7611        1.8450149739    0.5572515725E+00
        1        1        1      5.4722      5.7558        1.8742357377    0.5357053019E+00
        1        1        1      5.4722      5.7505        1.9046969213    0.5109198747E+00
        1        1        1      5.4722      5.7453        1.9360491017    0.4829356591E+00
        1        1        1      5.4722      5.7401        1.9679376364    0.4522033162E+00
        1        1        1      5.4722      5.7350        2.0000083028    0.4198817914E+00
        1        1        1      5.4722      5.7299        2.0319142917    0.3882106852E+00
        1        1        1      5.4722      5.7249        2.0633247381    0.3608418943E+00
        1        1        1      5.4722      5.7199        2.0939345911    0.3427455738E+00
        1        1        1      5.4722      5.7149        2.1234750811    0.3390046074E+00
        1        1        1      5.4722      5.7100        2.1517234847    0.3524066277E+00
        1        1        1      5.4722      5.7050        2.1785105489    0.3816803099E+00
        1        1        1      5.4722      5.7001        2.2037240672    0.4223074657E+00
        1        1        1      5.4722      5.6952        2.2273077574    0.4687930033E+00
        1        1        1      5.4722      5.6903        2.2492556080    0.5162898424E+00
        1        1        1      5.4722      5.6854        2.2696028229    0.5611541521E+00
        1        1        1      5.4722      5.6805        2.2884150529    0.6009292274E+00
        1        1        1      5.4722      5.6755        2.3057776116    0.6341455080E+00
        1        1        1      5.4722      5.6706        2.3217859543    0.6600920486E+00
        1        1        1      5.4722      5.6656        2.3365381110    0.6786079639E+00
        1        1        1      5.4722      5.6606        2.3501292310    0.6899079502E+00
        1        1        1      5.4722      5.6557        2.3626480377    0.6944447124E+00
        1        1        1      5.4722      5.6507        2.3741748195    0.6928060714E+00
        1        1        1      5.4722      5.6456        2.3847805451    0.6856418925E+00
        1        1        1      5.4722      5.6406        2.3945267380    0.6736149502E+00
        1        1        1      5.4722      5.6356        2.4034658186    0.6573699633E+00
        1        1        1      5.4722      5.6306        2.4116417038    0.4844093292E+00
        1        1        1      5.4722      5.6256        2.4084219988    0.2557912718E+00
        1        1        1      5.4722      5.6206        2.4016246268    0.2604324989E+00
        1        1        1      5.4722      5.6157        2.3944933784    0.2646665158E+00
        1        1        1      5.4722      5.6108        2.3870167914    0.2684842774E+00
        1        1        1      5.4722      5.6059        2.3791827812    0.2718807140E+00
        1        1        1      5.4722      5.6011        2.3709785836    0.2748548506E+00
        1        1        1      5.4722      5.5964        2.3623906937    0.2774098386E+00
        1        1        1      5.4722      5.5918        2.3534048001    0.2795529035E+00
        1        1        1      5.4722      5.5872        2.3440057148    0.2812952176E+00
        1        1        1      5.4722      5.5827        2.3341772976    0.2826517058E+00
        1        1        1      5.4722      5.5784        2.3239023735    0.2836407975E+00
        1        1        1      5.4722      5.5742        2.3131626448    0.2842841343E+00
        1        1        1      5.4722      5.5701        2.3019385944    0.2846062444E+00
        1        1        1      5.4722      5.5661        2.2902093816    0.2846341916E+00
        1        1        1      5.4722      5.5622        2.2779527286    0.2843972038E+00
        1        1        1      5.4722      5.5585        2.2651447973    0.2839262827E+00
        1        1        1      5.4722      5.5550        2.2517600547    0.2832537926E+00
        1        1        1      5.4722      5.5515        2.2377711280    0.2824130243E+00
        1        1        1      5.4722      5.5482        2.2231486468    0.2814377229E+00
        1        1        1      5.4722      5.5450        2.2078610721    0.2803615714E+00
        1        1        1      5.4722      5.5420        2.1918745136    0.2792176157E+00
        1        1        1      5.4722      5.5391        2.1751525321    0.2780376199E+00
        1        1        1      5.4722      5.5363        2.1576559305    0.2768513402E+00
        1        1        1      5.4722      5.5336        2.1393425318    0.2756857119E+00
        1        1        1      5.4722      5.5310        2.1201669471    0.2745639461E+00
        1        1        1      5.4722      5.5285        2.1000803355    0.2735045459E+00
        1        1        1      5.4722      5.5261        2.0790301602    0.2725202555E+00
        1        1        1      5.4722      5.5238        2.0569599452    0.2716169721E+00
        1        1        1      5.4722      5.5216        2.0338090404    0.2707926592E+00
        1        1        1      5.4722      5.5194        2.0095124036    0.2700363101E+00
        1        1        1      5.4722      5.5173        1.9840004114    0.2693270243E+00
        1        1        1      5.4722      5.5153        1.9571987133    0.2686332606E+00
        1        1        1      5.4722      5.5133        1.9290281473    0.2679123383E+00
        1        1        1      5.4722      5.5113        1.8994047367    0.2671102562E+00
        1        1        1      5.4722      5.5094        1.8682397939    0.2661618961E+00
        1        1        1      5.4722      5.5075        1.8354401576    0.2649916677E+00
        1        1        1      5.4722      5.5057        1.8009085936    0.2635146446E+00
        1        1        1      5.4722      5.5038        1.7645443908    0.2616382247E+00
        1        1        1      5.4722      5.5020        1.7262441830    0.2592643326E+00
        1        1        1      5.4722      5.5002        1.6859030247    0.2562921593E+00
        1        1        1      5.4722      5.4984        1.6434157449    0.2526214069E+00
        1        1        1      5.4722      5.4967        1.5986785921    0.2481559761E+00
        1        1        1      5.4722      5.4949        1.5515911719    0.2428079894E+00
        1        1        1      5.4722      5.4932        1.5020586633    0.2365020076E+00
        1        1        1      5.4722      5.4915        1.4499942801    0.2291792445E+00
        1        1        1      5.4722      5.4899        1.3953219208    0.2208015546E+00
        1        1        1      5.4722      5.4882        1.3379789344    0.2113549376E+00
        1        1        1      5.4722      5.4866        1.2779189045    0.2008523048E+00
        1        1        1      5.4722      5.4851        1.2151143457    0.1893352785E+00
        1        1        1      5.4722      5.4836        1.1495591966    0.1768748576E+00
        1        1        1      5.4722      5.4822        1.0812709935    0.1635708811E+00
        1        1        1      5.4722      5.4808        1.0102926244    0.1495503439E+00
        1        1        1      5.4722      5.4795        0.9366935735    0.1349647633E+00
        1        1        1      5.4722      5.4783        0.8605705976    0.1199869326E+00
        1        1        1      5.4722      5.4772        0.7820477972    0.1048075202E+00
        1        1        1      5.4722      5.4762        0.7012760727    0.8963206549E-01
        1        1        1      5.4722      5.4753        0.6184319725    0.7467897996E-01
        1        1        1      5.4722      5.4745        0.5337159387    0.6017923438E-01
        1        1        1      5.4722      5.4738        0.4473499100    0.4637861812E-01
        1        1        1      5.4722      5.4732        0.3595740499    0.3354417568E-01
        1        1        1      5.4722      5.4728        0.2706415647    0.2197874964E-01
        1        1        1      5.4722      5.4724        0.1768976679    0.2666487936E+00
        1        1        1      5.4722      5.4723        0.0303621573    0.4699390501E+00
        1        1        1      5.4722      5.4722       -0.0962060380    0.0000000000E+00
        1        1        1      5.4722      5.4722        0.0644013883    0.5309814984E-01
        1        1        1      5.4722      5.4724        0.2005201421    0.4694004798E-01
        1        1        1      5.4722      5.4726        0.3020176908    0.5881655658E-01
        1        1        1      5.4722      5.4729        0.4012319335    0.8222799150E-01
        1        1        1      5.4722      5.4733        0.4991420886    0.1100245357E+00
        1        1        1      5.4722      5.4738        0.5954524068    0.1407368925E+00
        1        1        1      5.4722      5.4744        0.6898780981    0.1736027157E+00
        1        1        1      5.4722      5.4751        0.7821503714    0.8093332353E-02
        1        1        1      5.4722      5.4758        0.8720200234    0.9254716215E-02
        1        1        1      5.4722      5.4767        0.9592605088    0.1032632806E-01
        1        1        1      5.4722      5.4776        1.0436706804    0.1128536046E-01
        1        1        1      5.4722      5.4787        1.1250771908    0.1211534275E-01
        1        1        1      5.4722      5.4798        1.2033364755    0.1280637666E-01
        1        1        1      5.4722      5.4810        1.2783362127    0.1335509889E-01
        1        1        1      5.4722      5.4823        1.3499961563    0.1376441239E-01
        1        1        1      5.4722      5.4836        1.4182682549    0.1404301520E-01
        1        1        1      5.4722      5.4851        1.4831360061    0.1420474046E-01
        1        1        1      5.4722      5.4866        1.5446130415    0.1426770756E-01
        1        1        1      5.4722      5.4882        1.6027409896    0.1425327747E-01
        1        1        1      5.4722      5.4899        1.6575867170    0.1418480614E-01
        1        1        1      5.4722      5.4917        1.7092390859    0.1408620592E-01
        1        1        1      5.4722      5.4936        1.7578053972    0.1398036021E-01
        1        1        1      5.4722      5.4955        1.8034076944    0.1388749372E-01
        1        1        1      5.4722      5.4975        1.8461790973    0.1382366733E-01
        1        1        1      5.4722      5.4996        1.8862603131    0.1379961387E-01
        1        1        1      5.4722      5.5018        1.9237964386    0.1382012169E-01
        1        1        1      5.4722      5.5040        1.9589341351    0.1388408603E-01
        1        1        1      5.4722      5.5063        1.9918192178    0.1398520406E-01
        1        1        1      5.4722      5.5087        2.0225946756    0.1411314630E-01
        1        1        1      5.4722      5.5112        2.0513991072    0.1425495598E-01
        1        1        1      5.4722      5.5137        2.0783655434    0.1439643234E-01
        1        1        1      5.4722      5.5163        2.1036206151    0.1452332330E-01
        1        1        1      5.4722      5.5190        2.1272840165    0.1462224322E-01
        1        1        1      5.4722      5.5218        2.1494682172    0.1468130761E-01
        1        1        1      5.4722      5.5247        2.1702783723    0.1469052340E-01
        1        1        1      5.4722      5.5276        2.1898123911    0.1464199128E-01
        1        1        1      5.4722      5.5306        2.2081611225    0.1452997748E-01
        1        1        1      5.4722      5.5336        2.2254086269    0.1435090301E-01
        1        1        1      5.4722      5.5368        2.2416325066    0.1410328782E-01
        1        1        1      5.4722      5.5400        2.2569042733    0.1378767725E-01
        1        1        1      5.4722      5.5433        2.2712897343    0.1340657097E-01
        1        1        1      5.4722      5.5467        2.2848493861    0.1296436989E-01
        1        1        1      5.4722      5.5501        2.2976388041    0.1246735412E-01
        1        1        1      5.4722      5.5536        2.3097090207    0.1192370339E-01
        1        1        1      5.4722      5.5572        2.3211068888    0.1134357035E-01
        1        1        1      5.4722      5.5608        2.3318754253    0.1073921249E-01
        1        1        1      5.4722      5.5645        2.3420541345    0.1012517712E-01
        1        1        1      5.4722      5.5683        2.3516793083    0.9518505414E-02
        1        1        1      5.4722      5.5721        2.3607843056    0.8938864062E-02
        1        1        1      5.4722      5.5760        2.3693998095    0.8408412636E-02
        1        1        1      5.4722      5.5800        2.3775540625    0.7951079738E-02
        1        1        1      5.4722      5.5840        2.3852730837    0.7590832651E-02
        1        1        1      5.4722      5.5881        2.3925808649    0.7348686342E-02
        1        1        1      5.4722      5.5923        2.3994995505    0.7238836535E-02
        1        1        1      5.4722      5.5965        2.4060496000    0.7265259356E-02
        1        1        1      5.4722      5.6008        2.4122499359    0.7420523178E-02
        1        1        1      5.4722      5.6051        2.4181180774    0.7687584887E-02
        1        1        1      5.4722      5.6095        2.4236702603    0.8043617538E-02
        1        1        1      5.4722      5.6139        2.4289215465    0.8464048524E-02
        1        1        1      5.4722      5.6184        2.4338859216    0.8925505337E-02
        1        1        1      5.4722      5.6230        2.4385763828    0.9407372824E-02
        1        1        1      5.4722      5.6276        2.4430050183    0.9892292546E-02
        1        1        1      5.4722      5.6322        2.4461340171    0.7217633522E+00
        1        1        1      5.4722      5.6369        2.4321465375    0.1239825416E+01
        1        1        1      5.4722      5.6416        2.4165205311    0.1463071779E+01
        1        1        1      5.4722      5.6464        2.3993152567    0.1686821604E+01
        1        1        1      5.4722      5.6512        2.3806191089    0.1907961406E+01
        1        1        1      5.4722      5.6561        2.3605438245    0.2123959368E+01
        1        1        1      5.4722      5.6610        2.3392175802    0.2332909026E+01
        1        1        1      5.4722      5.6660        2.3167782068    0.2533500673E+01
        1        1        1      5.4722      5.6710        2.2933674043    0.2724938985E+01
        1        1        1      5.4722      5.6760        2.2691263933    0.2906834555E+01
        1        1        1      5.4722      5.6811        2.2441930550    0.3079093203E+01
        1        1        1      5.4722      5.6862        2.2187003742    0.3241818209E+01
        1        1        1      5.4722      5.6913        2.1927758903    0.3395232175E+01
        1        1        1      5.4722      5.6965        2.1665418591    0.3539619346E+01
        1        1        1      5.4722      5.7017        2.1401158664    0.3675285991E+01
        1        1        1      5.4722      5.7069        2.1136116930    0.3802535211E+01
        1        1        1      5.4722      5.7122        2.0871402894    0.3921652530E+01
        1        1        1      5.4722      5.7175        2.0608107594    0.4032899077E+01
        1        1        1      5.4722      5.7228        2.0347312857    0.4136509870E+01
        1        1        1      5.4722      5.7282        2.0090099522    0.4232695313E+01
        1        1        1      5.4722      5.7336        1.9837554283    0.4321644556E+01
        1        1        1      5.4722      5.7390        1.9590774879    0.4403529738E+01
        1        1        1      5.4722      5.7444        1.9350873406    0.4478510460E+01
        1        1        1      5.4722      5.7499        1.9118977516    0.4546738007E+01
        1        1        1      5.4722      5.7553        1.8896229292    0.4608359031E+01
        1        1        1      5.4722      5.7608        1.8683781649    0.4663518481E+01
        1        1        1      5.4722      5.7663        1.8482792104    0.4712361700E+01
        1        1        1      5.4722      5.7719        1.8294413877    0.4755035643E+01
        1        1        1      5.4722      5.7774        1.8119784373    0.4791689283E+01
        1        1        1      5.4722      5.7830        1.7960011234    0.4822473272E+01
        1        1        1      5.4722      5.7885        1.7816156274    0.4847539026E+01
        1        1        1      5.4722      5.7941        1.7689217807    0.4867037436E+01
        1        1        1      5.4722      5.7997        1.7580112015    0.4881117511E+01
        1        1        1      5.4722      5.8053        1.7489654138    0.4889925616E+01
        1        1        1      5.4722      5.8109        1.7418540369    0.4893607252E+01
        1        1        1      5.4722      5.8166        1.7367331381    0.4879086867E+01
        1        1        1      5.4722      5.8222        1.7336438396    0.4879639758E+01
        1        1        1      5.4722      5.8278        1.7326112576    0.4874578403E+01
