  0.0000000   0.0000000   0.0000000   0.0028736
  0.0020000   0.0000000   0.0000000   0.0028736
  0.0040000   0.0000000   0.0000000   0.0028736
  0.0060000   0.0000000   0.0000000   0.0028736
  0.0080000   0.0000000   0.0000000   0.0028736
  0.0100000   0.0000000   0.0000000   0.0028736
  0.0120000   0.0000000   0.0000000   0.0028736
  0.0140000   0.0000000   0.0000000   0.0028736
  0.0160000   0.0000000   0.0000000   0.0028736
  0.0180000   0.0000000   0.0000000   0.0028736
  0.0200000   0.0000000   0.0000000   0.0028736
  0.0220000   0.0000000   0.0000000   0.0028736
  0.0240000   0.0000000   0.0000000   0.0028736
  0.0260000   0.0000000   0.0000000   0.0028736
  0.0280000   0.0000000   0.0000000   0.0028736
  0.0300000   0.0000000   0.0000000   0.0028736
  0.0320000   0.0000000   0.0000000   0.0028736
  0.0340000   0.0000000   0.0000000   0.0028736
  0.0360000   0.0000000   0.0000000   0.0028736
  0.0380000   0.0000000   0.0000000   0.0028736
  0.0400000   0.0000000   0.0000000   0.0028736
  0.0420000   0.0000000   0.0000000   0.0028736
  0.0440000   0.0000000   0.0000000   0.0028736
  0.0460000   0.0000000   0.0000000   0.0028736
  0.0480000   0.0000000   0.0000000   0.0028736
  0.0500000   0.0000000   0.0000000   0.0028736
  0.0520000   0.0000000   0.0000000   0.0028736
  0.0540000   0.0000000   0.0000000   0.0028736
  0.0560000   0.0000000   0.0000000   0.0028736
  0.0580000   0.0000000   0.0000000   0.0028736
  0.0600000   0.0000000   0.0000000   0.0028736
  0.0620000   0.0000000   0.0000000   0.0028736
  0.0640000   0.0000000   0.0000000   0.0028736
  0.0660000   0.0000000   0.0000000   0.0028736
  0.0680000   0.0000000   0.0000000   0.0028736
  0.0700000   0.0000000   0.0000000   0.0028736
  0.0720000   0.0000000   0.0000000   0.0028736
  0.0740000   0.0000000   0.0000000   0.0028736
  0.0760000   0.0000000   0.0000000   0.0028736
  0.0780000   0.0000000   0.0000000   0.0028736
  0.0800000   0.0000000   0.0000000   0.0028736
  0.0820000   0.0000000   0.0000000   0.0028736
  0.0840000   0.0000000   0.0000000   0.0028736
  0.0860000   0.0000000   0.0000000   0.0028736
  0.0880000   0.0000000   0.0000000   0.0028736
  0.0900000   0.0000000   0.0000000   0.0028736
  0.0920000   0.0000000   0.0000000   0.0028736
  0.0940000   0.0000000   0.0000000   0.0028736
  0.0960000   0.0000000   0.0000000   0.0028736
  0.0980000   0.0000000   0.0000000   0.0028736
  0.1000000   0.0000000   0.0000000   0.0028736
  0.0980000   0.0000000   0.0000000   0.0028736
  0.0960000   0.0000000   0.0000000   0.0028736
  0.0940000   0.0000000   0.0000000   0.0028736
  0.0920000   0.0000000   0.0000000   0.0028736
  0.0900000   0.0000000   0.0000000   0.0028736
  0.0880000   0.0000000   0.0000000   0.0028736
  0.0860000   0.0000000   0.0000000   0.0028736
  0.0840000   0.0000000   0.0000000   0.0028736
  0.0820000   0.0000000   0.0000000   0.0028736
  0.0800000   0.0000000   0.0000000   0.0028736
  0.0780000   0.0000000   0.0000000   0.0028736
  0.0760000   0.0000000   0.0000000   0.0028736
  0.0740000   0.0000000   0.0000000   0.0028736
  0.0720000   0.0000000   0.0000000   0.0028736
  0.0700000   0.0000000   0.0000000   0.0028736
  0.0680000   0.0000000   0.0000000   0.0028736
  0.0660000   0.0000000   0.0000000   0.0028736
  0.0640000   0.0000000   0.0000000   0.0028736
  0.0620000   0.0000000   0.0000000   0.0028736
  0.0600000   0.0000000   0.0000000   0.0028736
  0.0580000   0.0000000   0.0000000   0.0028736
  0.0560000   0.0000000   0.0000000   0.0028736
  0.0540000   0.0000000   0.0000000   0.0028736
  0.0520000   0.0000000   0.0000000   0.0028736
  0.0500000   0.0000000   0.0000000   0.0028736
  0.0480000   0.0000000   0.0000000   0.0028736
  0.0460000   0.0000000   0.0000000   0.0028736
  0.0440000   0.0000000   0.0000000   0.0028736
  0.0420000   0.0000000   0.0000000   0.0028736
  0.0400000   0.0000000   0.0000000   0.0028736
  0.0380000   0.0000000   0.0000000   0.0028736
  0.0360000   0.0000000   0.0000000   0.0028736
  0.0340000   0.0000000   0.0000000   0.0028736
  0.0320000   0.0000000   0.0000000   0.0028736
  0.0300000   0.0000000   0.0000000   0.0028736
  0.0280000   0.0000000   0.0000000   0.0028736
  0.0260000   0.0000000   0.0000000   0.0028736
  0.0240000   0.0000000   0.0000000   0.0028736
  0.0220000   0.0000000   0.0000000   0.0028736
  0.0200000   0.0000000   0.0000000   0.0028736
  0.0180000   0.0000000   0.0000000   0.0028736
  0.0160000   0.0000000   0.0000000   0.0028736
  0.0140000   0.0000000   0.0000000   0.0028736
  0.0120000   0.0000000   0.0000000   0.0028736
  0.0100000   0.0000000   0.0000000   0.0028736
  0.0080000   0.0000000   0.0000000   0.0028736
  0.0060000   0.0000000   0.0000000   0.0028736
  0.0040000   0.0000000   0.0000000   0.0028736
  0.0020000   0.0000000   0.0000000   0.0028736
  0.0000000   0.0000000   0.0000000   0.0028736
  0.0000000   0.0020000   0.0000000   0.0028736
  0.0000000   0.0040000   0.0000000   0.0028736
  0.0000000   0.0060000   0.0000000   0.0028736
  0.0000000   0.0080000   0.0000000   0.0028736
  0.0000000   0.0100000   0.0000000   0.0028736
  0.0000000   0.0120000   0.0000000   0.0028736
  0.0000000   0.0140000   0.0000000   0.0028736
  0.0000000   0.0160000   0.0000000   0.0028736
  0.0000000   0.0180000   0.0000000   0.0028736
  0.0000000   0.0200000   0.0000000   0.0028736
  0.0000000   0.0220000   0.0000000   0.0028736
  0.0000000   0.0240000   0.0000000   0.0028736
  0.0000000   0.0260000   0.0000000   0.0028736
  0.0000000   0.0280000   0.0000000   0.0028736
  0.0000000   0.0300000   0.0000000   0.0028736
  0.0000000   0.0320000   0.0000000   0.0028736
  0.0000000   0.0340000   0.0000000   0.0028736
  0.0000000   0.0360000   0.0000000   0.0028736
  0.0000000   0.0380000   0.0000000   0.0028736
  0.0000000   0.0400000   0.0000000   0.0028736
  0.0000000   0.0420000   0.0000000   0.0028736
  0.0000000   0.0440000   0.0000000   0.0028736
  0.0000000   0.0460000   0.0000000   0.0028736
  0.0000000   0.0480000   0.0000000   0.0028736
  0.0000000   0.0500000   0.0000000   0.0028736
  0.0000000   0.0520000   0.0000000   0.0028736
  0.0000000   0.0540000   0.0000000   0.0028736
  0.0000000   0.0560000   0.0000000   0.0028736
  0.0000000   0.0580000   0.0000000   0.0028736
  0.0000000   0.0600000   0.0000000   0.0028736
  0.0000000   0.0620000   0.0000000   0.0028736
  0.0000000   0.0640000   0.0000000   0.0028736
  0.0000000   0.0660000   0.0000000   0.0028736
  0.0000000   0.0680000   0.0000000   0.0028736
  0.0000000   0.0700000   0.0000000   0.0028736
  0.0000000   0.0720000   0.0000000   0.0028736
  0.0000000   0.0740000   0.0000000   0.0028736
  0.0000000   0.0760000   0.0000000   0.0028736
  0.0000000   0.0780000   0.0000000   0.0028736
  0.0000000   0.0800000   0.0000000   0.0028736
  0.0000000   0.0820000   0.0000000   0.0028736
  0.0000000   0.0840000   0.0000000   0.0028736
  0.0000000   0.0860000   0.0000000   0.0028736
  0.0000000   0.0880000   0.0000000   0.0028736
  0.0000000   0.0900000   0.0000000   0.0028736
  0.0000000   0.0920000   0.0000000   0.0028736
  0.0000000   0.0940000   0.0000000   0.0028736
  0.0000000   0.0960000   0.0000000   0.0028736
  0.0000000   0.0980000   0.0000000   0.0028736
  0.0000000   0.1000000   0.0000000   0.0028736
  0.0000000   0.0980000   0.0000000   0.0028736
  0.0000000   0.0960000   0.0000000   0.0028736
  0.0000000   0.0940000   0.0000000   0.0028736
  0.0000000   0.0920000   0.0000000   0.0028736
  0.0000000   0.0900000   0.0000000   0.0028736
  0.0000000   0.0880000   0.0000000   0.0028736
  0.0000000   0.0860000   0.0000000   0.0028736
  0.0000000   0.0840000   0.0000000   0.0028736
  0.0000000   0.0820000   0.0000000   0.0028736
  0.0000000   0.0800000   0.0000000   0.0028736
  0.0000000   0.0780000   0.0000000   0.0028736
  0.0000000   0.0760000   0.0000000   0.0028736
  0.0000000   0.0740000   0.0000000   0.0028736
  0.0000000   0.0720000   0.0000000   0.0028736
  0.0000000   0.0700000   0.0000000   0.0028736
  0.0000000   0.0680000   0.0000000   0.0028736
  0.0000000   0.0660000   0.0000000   0.0028736
  0.0000000   0.0640000   0.0000000   0.0028736
  0.0000000   0.0620000   0.0000000   0.0028736
  0.0000000   0.0600000   0.0000000   0.0028736
  0.0000000   0.0580000   0.0000000   0.0028736
  0.0000000   0.0560000   0.0000000   0.0028736
  0.0000000   0.0540000   0.0000000   0.0028736
  0.0000000   0.0520000   0.0000000   0.0028736
  0.0000000   0.0500000   0.0000000   0.0028736
  0.0000000   0.0480000   0.0000000   0.0028736
  0.0000000   0.0460000   0.0000000   0.0028736
  0.0000000   0.0440000   0.0000000   0.0028736
  0.0000000   0.0420000   0.0000000   0.0028736
  0.0000000   0.0400000   0.0000000   0.0028736
  0.0000000   0.0380000   0.0000000   0.0028736
  0.0000000   0.0360000   0.0000000   0.0028736
  0.0000000   0.0340000   0.0000000   0.0028736
  0.0000000   0.0320000   0.0000000   0.0028736
  0.0000000   0.0300000   0.0000000   0.0028736
  0.0000000   0.0280000   0.0000000   0.0028736
  0.0000000   0.0260000   0.0000000   0.0028736
  0.0000000   0.0240000   0.0000000   0.0028736
  0.0000000   0.0220000   0.0000000   0.0028736
  0.0000000   0.0200000   0.0000000   0.0028736
  0.0000000   0.0180000   0.0000000   0.0028736
  0.0000000   0.0160000   0.0000000   0.0028736
  0.0000000   0.0140000   0.0000000   0.0028736
  0.0000000   0.0120000   0.0000000   0.0028736
  0.0000000   0.0100000   0.0000000   0.0028736
  0.0000000   0.0080000   0.0000000   0.0028736
  0.0000000   0.0060000   0.0000000   0.0028736
  0.0000000   0.0040000   0.0000000   0.0028736
  0.0000000   0.0020000   0.0000000   0.0028736
  0.0000000   0.0000000   0.0000000   0.0028736
  0.0000000   0.0000000   0.0020000   0.0028736
  0.0000000   0.0000000   0.0040000   0.0028736
  0.0000000   0.0000000   0.0060000   0.0028736
  0.0000000   0.0000000   0.0080000   0.0028736
  0.0000000   0.0000000   0.0100000   0.0028736
  0.0000000   0.0000000   0.0120000   0.0028736
  0.0000000   0.0000000   0.0140000   0.0028736
  0.0000000   0.0000000   0.0160000   0.0028736
  0.0000000   0.0000000   0.0180000   0.0028736
  0.0000000   0.0000000   0.0200000   0.0028736
  0.0000000   0.0000000   0.0220000   0.0028736
  0.0000000   0.0000000   0.0240000   0.0028736
  0.0000000   0.0000000   0.0260000   0.0028736
  0.0000000   0.0000000   0.0280000   0.0028736
  0.0000000   0.0000000   0.0300000   0.0028736
  0.0000000   0.0000000   0.0320000   0.0028736
  0.0000000   0.0000000   0.0340000   0.0028736
  0.0000000   0.0000000   0.0360000   0.0028736
  0.0000000   0.0000000   0.0380000   0.0028736
  0.0000000   0.0000000   0.0400000   0.0028736
  0.0000000   0.0000000   0.0420000   0.0028736
  0.0000000   0.0000000   0.0440000   0.0028736
  0.0000000   0.0000000   0.0460000   0.0028736
  0.0000000   0.0000000   0.0480000   0.0028736
  0.0000000   0.0000000   0.0500000   0.0028736
  0.0000000   0.0000000   0.0520000   0.0028736
  0.0000000   0.0000000   0.0540000   0.0028736
  0.0000000   0.0000000   0.0560000   0.0028736
  0.0000000   0.0000000   0.0580000   0.0028736
  0.0000000   0.0000000   0.0600000   0.0028736
  0.0000000   0.0000000   0.0620000   0.0028736
  0.0000000   0.0000000   0.0640000   0.0028736
  0.0000000   0.0000000   0.0660000   0.0028736
  0.0000000   0.0000000   0.0680000   0.0028736
  0.0000000   0.0000000   0.0700000   0.0028736
  0.0000000   0.0000000   0.0720000   0.0028736
  0.0000000   0.0000000   0.0740000   0.0028736
  0.0000000   0.0000000   0.0760000   0.0028736
  0.0000000   0.0000000   0.0780000   0.0028736
  0.0000000   0.0000000   0.0800000   0.0028736
  0.0000000   0.0000000   0.0820000   0.0028736
  0.0000000   0.0000000   0.0840000   0.0028736
  0.0000000   0.0000000   0.0860000   0.0028736
  0.0000000   0.0000000   0.0880000   0.0028736
  0.0000000   0.0000000   0.0900000   0.0028736
  0.0000000   0.0000000   0.0920000   0.0028736
  0.0000000   0.0000000   0.0940000   0.0028736
  0.0000000   0.0000000   0.0960000   0.0028736
  0.0000000   0.0000000   0.0980000   0.0028736
  0.0000000   0.0000000   0.1000000   0.0028736
  0.0000000   0.0000000   0.0980000   0.0028736
  0.0000000   0.0000000   0.0960000   0.0028736
  0.0000000   0.0000000   0.0940000   0.0028736
  0.0000000   0.0000000   0.0920000   0.0028736
  0.0000000   0.0000000   0.0900000   0.0028736
  0.0000000   0.0000000   0.0880000   0.0028736
  0.0000000   0.0000000   0.0860000   0.0028736
  0.0000000   0.0000000   0.0840000   0.0028736
  0.0000000   0.0000000   0.0820000   0.0028736
  0.0000000   0.0000000   0.0800000   0.0028736
  0.0000000   0.0000000   0.0780000   0.0028736
  0.0000000   0.0000000   0.0760000   0.0028736
  0.0000000   0.0000000   0.0740000   0.0028736
  0.0000000   0.0000000   0.0720000   0.0028736
  0.0000000   0.0000000   0.0700000   0.0028736
  0.0000000   0.0000000   0.0680000   0.0028736
  0.0000000   0.0000000   0.0660000   0.0028736
  0.0000000   0.0000000   0.0640000   0.0028736
  0.0000000   0.0000000   0.0620000   0.0028736
  0.0000000   0.0000000   0.0600000   0.0028736
  0.0000000   0.0000000   0.0580000   0.0028736
  0.0000000   0.0000000   0.0560000   0.0028736
  0.0000000   0.0000000   0.0540000   0.0028736
  0.0000000   0.0000000   0.0520000   0.0028736
  0.0000000   0.0000000   0.0500000   0.0028736
  0.0000000   0.0000000   0.0480000   0.0028736
  0.0000000   0.0000000   0.0460000   0.0028736
  0.0000000   0.0000000   0.0440000   0.0028736
  0.0000000   0.0000000   0.0420000   0.0028736
  0.0000000   0.0000000   0.0400000   0.0028736
  0.0000000   0.0000000   0.0380000   0.0028736
  0.0000000   0.0000000   0.0360000   0.0028736
  0.0000000   0.0000000   0.0340000   0.0028736
  0.0000000   0.0000000   0.0320000   0.0028736
  0.0000000   0.0000000   0.0300000   0.0028736
  0.0000000   0.0000000   0.0280000   0.0028736
  0.0000000   0.0000000   0.0260000   0.0028736
  0.0000000   0.0000000   0.0240000   0.0028736
  0.0000000   0.0000000   0.0220000   0.0028736
  0.0000000   0.0000000   0.0200000   0.0028736
  0.0000000   0.0000000   0.0180000   0.0028736
  0.0000000   0.0000000   0.0160000   0.0028736
  0.0000000   0.0000000   0.0140000   0.0028736
  0.0000000   0.0000000   0.0120000   0.0028736
  0.0000000   0.0000000   0.0100000   0.0028736
  0.0000000   0.0000000   0.0080000   0.0028736
  0.0000000   0.0000000   0.0060000   0.0028736
  0.0000000   0.0000000   0.0040000   0.0028736
  0.0000000   0.0000000   0.0020000   0.0028736
  0.0000000   0.0000000   0.0000000   0.0028736
  0.0000000   0.0052632   0.0000000   0.0028736
  0.0000000   0.0105263   0.0000000   0.0028736
  0.0000000   0.0157895   0.0000000   0.0028736
  0.0000000   0.0210526   0.0000000   0.0028736
  0.0000000   0.0263158   0.0000000   0.0028736
  0.0000000   0.0315789   0.0000000   0.0028736
  0.0000000   0.0368421   0.0000000   0.0028736
  0.0000000   0.0421053   0.0000000   0.0028736
  0.0000000   0.0473684   0.0000000   0.0028736
  0.0000000   0.0526316   0.0000000   0.0028736
  0.0000000   0.0578947   0.0000000   0.0028736
  0.0000000   0.0631579   0.0000000   0.0028736
  0.0000000   0.0684211   0.0000000   0.0028736
  0.0000000   0.0736842   0.0000000   0.0028736
  0.0000000   0.0789474   0.0000000   0.0028736
  0.0000000   0.0842105   0.0000000   0.0028736
  0.0000000   0.0894737   0.0000000   0.0028736
  0.0000000   0.0947368   0.0000000   0.0028736
  0.0000000   0.1000000   0.0000000   0.0028736
  0.0000000   0.1052632   0.0000000   0.0028736
  0.0000000   0.1105263   0.0000000   0.0028736
  0.0000000   0.1157895   0.0000000   0.0028736
  0.0000000   0.1210526   0.0000000   0.0028736
  0.0000000   0.1263158   0.0000000   0.0028736
  0.0000000   0.1315789   0.0000000   0.0028736
  0.0000000   0.1368421   0.0000000   0.0028736
  0.0000000   0.1421053   0.0000000   0.0028736
  0.0000000   0.1473684   0.0000000   0.0028736
  0.0000000   0.1526316   0.0000000   0.0028736
  0.0000000   0.1578947   0.0000000   0.0028736
  0.0000000   0.1631579   0.0000000   0.0028736
  0.0000000   0.1684211   0.0000000   0.0028736
  0.0000000   0.1736842   0.0000000   0.0028736
  0.0000000   0.1789474   0.0000000   0.0028736
  0.0000000   0.1842105   0.0000000   0.0028736
  0.0000000   0.1894737   0.0000000   0.0028736
  0.0000000   0.1947368   0.0000000   0.0028736
  0.0000000   0.2000000   0.0000000   0.0028736
  0.0000000   0.2052632   0.0000000   0.0028736
  0.0000000   0.2105263   0.0000000   0.0028736
  0.0000000   0.2157895   0.0000000   0.0028736
  0.0000000   0.2210526   0.0000000   0.0028736
  0.0000000   0.2263158   0.0000000   0.0028736
  0.0000000   0.2315789   0.0000000   0.0028736
  0.0000000   0.2368421   0.0000000   0.0028736
  0.0000000   0.2421053   0.0000000   0.0028736
  0.0000000   0.2473684   0.0000000   0.0028736
  0.0000000   0.2526316   0.0000000   0.0028736
  0.0000000   0.2578947   0.0000000   0.0028736
  0.0000000   0.2631579   0.0000000   0.0028736
  0.0000000   0.2684211   0.0000000   0.0028736
  0.0000000   0.2736842   0.0000000   0.0028736
  0.0000000   0.2789474   0.0000000   0.0028736
  0.0000000   0.2842105   0.0000000   0.0028736
  0.0000000   0.2894737   0.0000000   0.0028736
  0.0000000   0.2947368   0.0000000   0.0028736
  0.0000000   0.3000000   0.0000000   0.0028736
  0.0000000   0.3052632   0.0000000   0.0028736
  0.0000000   0.3105263   0.0000000   0.0028736
  0.0000000   0.3157895   0.0000000   0.0028736
  0.0000000   0.3210526   0.0000000   0.0028736
  0.0000000   0.3263158   0.0000000   0.0028736
  0.0000000   0.3315789   0.0000000   0.0028736
  0.0000000   0.3368421   0.0000000   0.0028736
  0.0000000   0.3421053   0.0000000   0.0028736
  0.0000000   0.3473684   0.0000000   0.0028736
  0.0000000   0.3526316   0.0000000   0.0028736
  0.0000000   0.3578947   0.0000000   0.0028736
  0.0000000   0.3631579   0.0000000   0.0028736
  0.0000000   0.3684211   0.0000000   0.0028736
  0.0000000   0.3736842   0.0000000   0.0028736
  0.0000000   0.3789474   0.0000000   0.0028736
  0.0000000   0.3842105   0.0000000   0.0028736
  0.0000000   0.3894737   0.0000000   0.0028736
  0.0000000   0.3947368   0.0000000   0.0028736
  0.0000000   0.4000000   0.0000000   0.0028736
  0.0000000   0.4052632   0.0000000   0.0028736
  0.0000000   0.4105263   0.0000000   0.0028736
  0.0000000   0.4157895   0.0000000   0.0028736
  0.0000000   0.4210526   0.0000000   0.0028736
  0.0000000   0.4263158   0.0000000   0.0028736
  0.0000000   0.4315789   0.0000000   0.0028736
  0.0000000   0.4368421   0.0000000   0.0028736
  0.0000000   0.4421053   0.0000000   0.0028736
  0.0000000   0.4473684   0.0000000   0.0028736
  0.0000000   0.4526316   0.0000000   0.0028736
  0.0000000   0.4578947   0.0000000   0.0028736
  0.0000000   0.4631579   0.0000000   0.0028736
  0.0000000   0.4684211   0.0000000   0.0028736
  0.0000000   0.4736842   0.0000000   0.0028736
  0.0000000   0.4789474   0.0000000   0.0028736
  0.0000000   0.4842105   0.0000000   0.0028736
  0.0000000   0.4894737   0.0000000   0.0028736
  0.0000000   0.4947368   0.0000000   0.0028736
  0.0000000   0.5000000   0.0000000   0.0028736
  0.0000000   0.4950000   0.0050000   0.0028736
  0.0000000   0.4900000   0.0100000   0.0028736
  0.0000000   0.4850000   0.0150000   0.0028736
  0.0000000   0.4800000   0.0200000   0.0028736
  0.0000000   0.4750000   0.0250000   0.0028736
  0.0000000   0.4700000   0.0300000   0.0028736
  0.0000000   0.4650000   0.0350000   0.0028736
  0.0000000   0.4600000   0.0400000   0.0028736
  0.0000000   0.4550000   0.0450000   0.0028736
  0.0000000   0.4500000   0.0500000   0.0028736
  0.0000000   0.4450000   0.0550000   0.0028736
  0.0000000   0.4400000   0.0600000   0.0028736
  0.0000000   0.4350000   0.0650000   0.0028736
  0.0000000   0.4300000   0.0700000   0.0028736
  0.0000000   0.4250000   0.0750000   0.0028736
  0.0000000   0.4200000   0.0800000   0.0028736
  0.0000000   0.4150000   0.0850000   0.0028736
  0.0000000   0.4100000   0.0900000   0.0028736
  0.0000000   0.4050000   0.0950000   0.0028736
  0.0000000   0.4000000   0.1000000   0.0028736
  0.0000000   0.3950000   0.1050000   0.0028736
  0.0000000   0.3900000   0.1100000   0.0028736
  0.0000000   0.3850000   0.1150000   0.0028736
  0.0000000   0.3800000   0.1200000   0.0028736
  0.0000000   0.3750000   0.1250000   0.0028736
  0.0000000   0.3700000   0.1300000   0.0028736
  0.0000000   0.3650000   0.1350000   0.0028736
  0.0000000   0.3600000   0.1400000   0.0028736
  0.0000000   0.3550000   0.1450000   0.0028736
  0.0000000   0.3500000   0.1500000   0.0028736
  0.0000000   0.3450000   0.1550000   0.0028736
  0.0000000   0.3400000   0.1600000   0.0028736
  0.0000000   0.3350000   0.1650000   0.0028736
  0.0000000   0.3300000   0.1700000   0.0028736
  0.0000000   0.3250000   0.1750000   0.0028736
  0.0000000   0.3200000   0.1800000   0.0028736
  0.0000000   0.3150000   0.1850000   0.0028736
  0.0000000   0.3100000   0.1900000   0.0028736
  0.0000000   0.3050000   0.1950000   0.0028736
  0.0000000   0.3000000   0.2000000   0.0028736
  0.0000000   0.2950000   0.2050000   0.0028736
  0.0000000   0.2900000   0.2100000   0.0028736
  0.0000000   0.2850000   0.2150000   0.0028736
  0.0000000   0.2800000   0.2200000   0.0028736
  0.0000000   0.2750000   0.2250000   0.0028736
  0.0000000   0.2700000   0.2300000   0.0028736
  0.0000000   0.2650000   0.2350000   0.0028736
  0.0000000   0.2600000   0.2400000   0.0028736
  0.0000000   0.2550000   0.2450000   0.0028736
  0.0000000   0.2500000   0.2500000   0.0028736
  0.0000000   0.2450000   0.2550000   0.0028736
  0.0000000   0.2400000   0.2600000   0.0028736
  0.0000000   0.2350000   0.2650000   0.0028736
  0.0000000   0.2300000   0.2700000   0.0028736
  0.0000000   0.2250000   0.2750000   0.0028736
  0.0000000   0.2200000   0.2800000   0.0028736
  0.0000000   0.2150000   0.2850000   0.0028736
  0.0000000   0.2100000   0.2900000   0.0028736
  0.0000000   0.2050000   0.2950000   0.0028736
  0.0000000   0.2000000   0.3000000   0.0028736
  0.0000000   0.1950000   0.3050000   0.0028736
  0.0000000   0.1900000   0.3100000   0.0028736
  0.0000000   0.1850000   0.3150000   0.0028736
  0.0000000   0.1800000   0.3200000   0.0028736
  0.0000000   0.1750000   0.3250000   0.0028736
  0.0000000   0.1700000   0.3300000   0.0028736
  0.0000000   0.1650000   0.3350000   0.0028736
  0.0000000   0.1600000   0.3400000   0.0028736
  0.0000000   0.1550000   0.3450000   0.0028736
  0.0000000   0.1500000   0.3500000   0.0028736
  0.0000000   0.1450000   0.3550000   0.0028736
  0.0000000   0.1400000   0.3600000   0.0028736
  0.0000000   0.1350000   0.3650000   0.0028736
  0.0000000   0.1300000   0.3700000   0.0028736
  0.0000000   0.1250000   0.3750000   0.0028736
  0.0000000   0.1200000   0.3800000   0.0028736
  0.0000000   0.1150000   0.3850000   0.0028736
  0.0000000   0.1100000   0.3900000   0.0028736
  0.0000000   0.1050000   0.3950000   0.0028736
  0.0000000   0.1000000   0.4000000   0.0028736
  0.0000000   0.0950000   0.4050000   0.0028736
  0.0000000   0.0900000   0.4100000   0.0028736
  0.0000000   0.0850000   0.4150000   0.0028736
  0.0000000   0.0800000   0.4200000   0.0028736
  0.0000000   0.0750000   0.4250000   0.0028736
  0.0000000   0.0700000   0.4300000   0.0028736
  0.0000000   0.0650000   0.4350000   0.0028736
  0.0000000   0.0600000   0.4400000   0.0028736
  0.0000000   0.0550000   0.4450000   0.0028736
  0.0000000   0.0500000   0.4500000   0.0028736
  0.0000000   0.0450000   0.4550000   0.0028736
  0.0000000   0.0400000   0.4600000   0.0028736
  0.0000000   0.0350000   0.4650000   0.0028736
  0.0000000   0.0300000   0.4700000   0.0028736
  0.0000000   0.0250000   0.4750000   0.0028736
  0.0000000   0.0200000   0.4800000   0.0028736
  0.0000000   0.0150000   0.4850000   0.0028736
  0.0000000   0.0100000   0.4900000   0.0028736
  0.0000000   0.0050000   0.4950000   0.0028736
  0.0000000   0.0000000   0.5000000   0.0028736
  0.0000000   0.0000000   0.4950000   0.0028736
  0.0000000   0.0000000   0.4900000   0.0028736
  0.0000000   0.0000000   0.4850000   0.0028736
  0.0000000   0.0000000   0.4800000   0.0028736
  0.0000000   0.0000000   0.4750000   0.0028736
  0.0000000   0.0000000   0.4700000   0.0028736
  0.0000000   0.0000000   0.4650000   0.0028736
  0.0000000   0.0000000   0.4600000   0.0028736
  0.0000000   0.0000000   0.4550000   0.0028736
  0.0000000   0.0000000   0.4500000   0.0028736
  0.0000000   0.0000000   0.4450000   0.0028736
  0.0000000   0.0000000   0.4400000   0.0028736
  0.0000000   0.0000000   0.4350000   0.0028736
  0.0000000   0.0000000   0.4300000   0.0028736
  0.0000000   0.0000000   0.4250000   0.0028736
  0.0000000   0.0000000   0.4200000   0.0028736
  0.0000000   0.0000000   0.4150000   0.0028736
  0.0000000   0.0000000   0.4100000   0.0028736
  0.0000000   0.0000000   0.4050000   0.0028736
  0.0000000   0.0000000   0.4000000   0.0028736
  0.0000000   0.0000000   0.3950000   0.0028736
  0.0000000   0.0000000   0.3900000   0.0028736
  0.0000000   0.0000000   0.3850000   0.0028736
  0.0000000   0.0000000   0.3800000   0.0028736
  0.0000000   0.0000000   0.3750000   0.0028736
  0.0000000   0.0000000   0.3700000   0.0028736
  0.0000000   0.0000000   0.3650000   0.0028736
  0.0000000   0.0000000   0.3600000   0.0028736
  0.0000000   0.0000000   0.3550000   0.0028736
  0.0000000   0.0000000   0.3500000   0.0028736
  0.0000000   0.0000000   0.3450000   0.0028736
  0.0000000   0.0000000   0.3400000   0.0028736
  0.0000000   0.0000000   0.3350000   0.0028736
  0.0000000   0.0000000   0.3300000   0.0028736
  0.0000000   0.0000000   0.3250000   0.0028736
  0.0000000   0.0000000   0.3200000   0.0028736
  0.0000000   0.0000000   0.3150000   0.0028736
  0.0000000   0.0000000   0.3100000   0.0028736
  0.0000000   0.0000000   0.3050000   0.0028736
  0.0000000   0.0000000   0.3000000   0.0028736
  0.0000000   0.0000000   0.2950000   0.0028736
  0.0000000   0.0000000   0.2900000   0.0028736
  0.0000000   0.0000000   0.2850000   0.0028736
  0.0000000   0.0000000   0.2800000   0.0028736
  0.0000000   0.0000000   0.2750000   0.0028736
  0.0000000   0.0000000   0.2700000   0.0028736
  0.0000000   0.0000000   0.2650000   0.0028736
  0.0000000   0.0000000   0.2600000   0.0028736
  0.0000000   0.0000000   0.2550000   0.0028736
  0.0000000   0.0000000   0.2500000   0.0028736
  0.0000000   0.0000000   0.2450000   0.0028736
  0.0000000   0.0000000   0.2400000   0.0028736
  0.0000000   0.0000000   0.2350000   0.0028736
  0.0000000   0.0000000   0.2300000   0.0028736
  0.0000000   0.0000000   0.2250000   0.0028736
  0.0000000   0.0000000   0.2200000   0.0028736
  0.0000000   0.0000000   0.2150000   0.0028736
  0.0000000   0.0000000   0.2100000   0.0028736
  0.0000000   0.0000000   0.2050000   0.0028736
  0.0000000   0.0000000   0.2000000   0.0028736
  0.0000000   0.0000000   0.1950000   0.0028736
  0.0000000   0.0000000   0.1900000   0.0028736
  0.0000000   0.0000000   0.1850000   0.0028736
  0.0000000   0.0000000   0.1800000   0.0028736
  0.0000000   0.0000000   0.1750000   0.0028736
  0.0000000   0.0000000   0.1700000   0.0028736
  0.0000000   0.0000000   0.1650000   0.0028736
  0.0000000   0.0000000   0.1600000   0.0028736
  0.0000000   0.0000000   0.1550000   0.0028736
  0.0000000   0.0000000   0.1500000   0.0028736
  0.0000000   0.0000000   0.1450000   0.0028736
  0.0000000   0.0000000   0.1400000   0.0028736
  0.0000000   0.0000000   0.1350000   0.0028736
  0.0000000   0.0000000   0.1300000   0.0028736
  0.0000000   0.0000000   0.1250000   0.0028736
  0.0000000   0.0000000   0.1200000   0.0028736
  0.0000000   0.0000000   0.1150000   0.0028736
  0.0000000   0.0000000   0.1100000   0.0028736
  0.0000000   0.0000000   0.1050000   0.0028736
  0.0000000   0.0000000   0.1000000   0.0028736
  0.0000000   0.0000000   0.0950000   0.0028736
  0.0000000   0.0000000   0.0900000   0.0028736
  0.0000000   0.0000000   0.0850000   0.0028736
  0.0000000   0.0000000   0.0800000   0.0028736
  0.0000000   0.0000000   0.0750000   0.0028736
  0.0000000   0.0000000   0.0700000   0.0028736
  0.0000000   0.0000000   0.0650000   0.0028736
  0.0000000   0.0000000   0.0600000   0.0028736
  0.0000000   0.0000000   0.0550000   0.0028736
  0.0000000   0.0000000   0.0500000   0.0028736
  0.0000000   0.0000000   0.0450000   0.0028736
  0.0000000   0.0000000   0.0400000   0.0028736
  0.0000000   0.0000000   0.0350000   0.0028736
  0.0000000   0.0000000   0.0300000   0.0028736
  0.0000000   0.0000000   0.0250000   0.0028736
  0.0000000   0.0000000   0.0200000   0.0028736
  0.0000000   0.0000000   0.0150000   0.0028736
  0.0000000   0.0000000   0.0100000   0.0028736
  0.0000000   0.0000000   0.0050000   0.0028736
  0.0000000   0.0000000   0.0000000   0.0028736
  0.0050000   0.0000000   0.0000000   0.0028736
  0.0100000   0.0000000   0.0000000   0.0028736
  0.0150000   0.0000000   0.0000000   0.0028736
  0.0200000   0.0000000   0.0000000   0.0028736
  0.0250000   0.0000000   0.0000000   0.0028736
  0.0300000   0.0000000   0.0000000   0.0028736
  0.0350000   0.0000000   0.0000000   0.0028736
  0.0400000   0.0000000   0.0000000   0.0028736
  0.0450000   0.0000000   0.0000000   0.0028736
  0.0500000   0.0000000   0.0000000   0.0028736
  0.0550000   0.0000000   0.0000000   0.0028736
  0.0600000   0.0000000   0.0000000   0.0028736
  0.0650000   0.0000000   0.0000000   0.0028736
  0.0700000   0.0000000   0.0000000   0.0028736
  0.0750000   0.0000000   0.0000000   0.0028736
  0.0800000   0.0000000   0.0000000   0.0028736
  0.0850000   0.0000000   0.0000000   0.0028736
  0.0900000   0.0000000   0.0000000   0.0028736
  0.0950000   0.0000000   0.0000000   0.0028736
  0.1000000   0.0000000   0.0000000   0.0028736
  0.1050000   0.0000000   0.0000000   0.0028736
  0.1100000   0.0000000   0.0000000   0.0028736
  0.1150000   0.0000000   0.0000000   0.0028736
  0.1200000   0.0000000   0.0000000   0.0028736
  0.1250000   0.0000000   0.0000000   0.0028736
  0.1300000   0.0000000   0.0000000   0.0028736
  0.1350000   0.0000000   0.0000000   0.0028736
  0.1400000   0.0000000   0.0000000   0.0028736
  0.1450000   0.0000000   0.0000000   0.0028736
  0.1500000   0.0000000   0.0000000   0.0028736
  0.1550000   0.0000000   0.0000000   0.0028736
  0.1600000   0.0000000   0.0000000   0.0028736
  0.1650000   0.0000000   0.0000000   0.0028736
  0.1700000   0.0000000   0.0000000   0.0028736
  0.1750000   0.0000000   0.0000000   0.0028736
  0.1800000   0.0000000   0.0000000   0.0028736
  0.1850000   0.0000000   0.0000000   0.0028736
  0.1900000   0.0000000   0.0000000   0.0028736
  0.1950000   0.0000000   0.0000000   0.0028736
  0.2000000   0.0000000   0.0000000   0.0028736
  0.2050000   0.0000000   0.0000000   0.0028736
  0.2100000   0.0000000   0.0000000   0.0028736
  0.2150000   0.0000000   0.0000000   0.0028736
  0.2200000   0.0000000   0.0000000   0.0028736
  0.2250000   0.0000000   0.0000000   0.0028736
  0.2300000   0.0000000   0.0000000   0.0028736
  0.2350000   0.0000000   0.0000000   0.0028736
  0.2400000   0.0000000   0.0000000   0.0028736
  0.2450000   0.0000000   0.0000000   0.0028736
  0.2500000   0.0000000   0.0000000   0.0028736
  0.2550000   0.0000000   0.0000000   0.0028736
  0.2600000   0.0000000   0.0000000   0.0028736
  0.2650000   0.0000000   0.0000000   0.0028736
  0.2700000   0.0000000   0.0000000   0.0028736
  0.2750000   0.0000000   0.0000000   0.0028736
  0.2800000   0.0000000   0.0000000   0.0028736
  0.2850000   0.0000000   0.0000000   0.0028736
  0.2900000   0.0000000   0.0000000   0.0028736
  0.2950000   0.0000000   0.0000000   0.0028736
  0.3000000   0.0000000   0.0000000   0.0028736
  0.3050000   0.0000000   0.0000000   0.0028736
  0.3100000   0.0000000   0.0000000   0.0028736
  0.3150000   0.0000000   0.0000000   0.0028736
  0.3200000   0.0000000   0.0000000   0.0028736
  0.3250000   0.0000000   0.0000000   0.0028736
  0.3300000   0.0000000   0.0000000   0.0028736
  0.3350000   0.0000000   0.0000000   0.0028736
  0.3400000   0.0000000   0.0000000   0.0028736
  0.3450000   0.0000000   0.0000000   0.0028736
  0.3500000   0.0000000   0.0000000   0.0028736
  0.3550000   0.0000000   0.0000000   0.0028736
  0.3600000   0.0000000   0.0000000   0.0028736
  0.3650000   0.0000000   0.0000000   0.0028736
  0.3700000   0.0000000   0.0000000   0.0028736
  0.3750000   0.0000000   0.0000000   0.0028736
  0.3800000   0.0000000   0.0000000   0.0028736
  0.3850000   0.0000000   0.0000000   0.0028736
  0.3900000   0.0000000   0.0000000   0.0028736
  0.3950000   0.0000000   0.0000000   0.0028736
  0.4000000   0.0000000   0.0000000   0.0028736
  0.4050000   0.0000000   0.0000000   0.0028736
  0.4100000   0.0000000   0.0000000   0.0028736
  0.4150000   0.0000000   0.0000000   0.0028736
  0.4200000   0.0000000   0.0000000   0.0028736
  0.4250000   0.0000000   0.0000000   0.0028736
  0.4300000   0.0000000   0.0000000   0.0028736
  0.4350000   0.0000000   0.0000000   0.0028736
  0.4400000   0.0000000   0.0000000   0.0028736
  0.4450000   0.0000000   0.0000000   0.0028736
  0.4500000   0.0000000   0.0000000   0.0028736
  0.4550000   0.0000000   0.0000000   0.0028736
  0.4600000   0.0000000   0.0000000   0.0028736
  0.4650000   0.0000000   0.0000000   0.0028736
  0.4700000   0.0000000   0.0000000   0.0028736
  0.4750000   0.0000000   0.0000000   0.0028736
  0.4800000   0.0000000   0.0000000   0.0028736
  0.4850000   0.0000000   0.0000000   0.0028736
  0.4900000   0.0000000   0.0000000   0.0028736
  0.4950000   0.0000000   0.0000000   0.0028736
  0.5000000   0.0000000   0.0000000   0.0028736
