        4        4       32      3.4677      3.4677        7.2861481211    0.3831139852E-05
        4        4       32      3.4677      3.4677        7.3934926313    0.6875954812E+03
        4        4       32      3.4677      3.4676        7.3935776258    0.3438521105E+03
        4        4       32      3.4677      3.4674        7.3937189660    0.2292970636E+03
        4        4       32      3.4677      3.4672        7.3939124771    0.1720361078E+03
        4        4       32      3.4677      3.4669        7.3941642868    0.1376966050E+03
        4        4       32      3.4677      3.4665        7.3944669592    0.1148158452E+03
        4        4       32      3.4677      3.4661        7.3948245893    0.9848373324E+02
        4        4       32      3.4677      3.4656        7.3952325918    0.8624516495E+02
        4        4       32      3.4677      3.4650        7.3956875756    0.7673579627E+02
        4        4       32      3.4677      3.4644        7.3961894781    0.6913724082E+02
        4        4       32      3.4677      3.4637        7.3967364697    0.6292826790E+02
        4        4       32      3.4677      3.4630        7.3973255285    0.5776227213E+02
        4        4       32      3.4677      3.4621        7.3979588507    0.5339898001E+02
        4        4       32      3.4677      3.4613        7.3986288715    0.4966556498E+02
        4        4       32      3.4677      3.4603        7.3993350716    0.4643675459E+02
        4        4       32      3.4677      3.4593        7.4000740966    0.4361835241E+02
        4        4       32      3.4677      3.4582        7.4008389263    0.4113733355E+02
        4        4       32      3.4677      3.4571        7.4016331055    0.3893828190E+02
        4        4       32      3.4677      3.4559        7.4024506219    0.3697616300E+02
        4        4       32      3.4677      3.4546        7.4032919184    0.3521576216E+02
        4        4       32      3.4677      3.4533        7.4041516185    0.3362813527E+02
        4        4       32      3.4677      3.4519        7.4050247023    0.3218959080E+02
        4        4       32      3.4677      3.4505        7.4059126041    0.3088085301E+02
        4        4       32      3.4677      3.4489        7.4068084412    0.2968546198E+02
        4        4       32      3.4677      3.4474        7.4077136327    0.2859008020E+02
        4        4       32      3.4677      3.4458        7.4086225322    0.2758284153E+02
        4        4       32      3.4677      3.4441        7.4095339768    0.1896414168E+02
        4        4       32      3.4677      3.4423        7.4056178893    0.1837630376E+02
        4        4       32      3.4677      3.4405        7.3968698013    0.3356681589E+01
        4        4       32      3.4677      3.4387        7.3878835597    0.3550851138E+01
        4        4       32      3.4677      3.4367        7.3786560943    0.3746139147E+01
        4        4       32      3.4677      3.4348        7.3691934048    0.3941878373E+01
        4        4       32      3.4677      3.4327        7.3594966691    0.4137647006E+01
        4        4       32      3.4677      3.4306        7.3495696349    0.4332790340E+01
        4        4       32      3.4677      3.4285        7.3394190864    0.4526903869E+01
        4        4       32      3.4677      3.4263        7.3290555966    0.4719324205E+01
        4        4       32      3.4677      3.4241        7.3184682914    0.4909546964E+01
        4        4       32      3.4677      3.4218        7.3076724671    0.5097147740E+01
        4        4       32      3.4677      3.4194        7.2966781014    0.5281567653E+01
        4        4       32      3.4677      3.4170        7.2854969621    0.5462400562E+01
        4        4       32      3.4677      3.4146        7.2741220189    0.4172479890E+01
        4        4       32      3.4677      3.4121        7.2662660388    0.4279382238E+01
        4        4       32      3.4677      3.4095        7.2655199468    0.1642713516E+01
        4        4       32      3.4677      3.4069        7.2647604210    0.1601467958E+01
        4        4       32      3.4677      3.4042        7.2639856543    0.1564423308E+01
        4        4       32      3.4677      3.4015        7.2631968881    0.1531721503E+01
        4        4       32      3.4677      3.3988        7.2623925374    0.1503343450E+01
        4        4       32      3.4677      3.3960        7.2615682937    0.1479357240E+01
        4        4       32      3.4677      3.3932        7.2607221623    0.1459738882E+01
        4        4       32      3.4677      3.3903        7.2598578660    0.1444542397E+01
        4        4       32      3.4677      3.3932        7.2607221623    0.1459738882E+01
        4        4       32      3.4677      3.3960        7.2615682937    0.1479357240E+01
        4        4       32      3.4677      3.3988        7.2623925374    0.1503343450E+01
        4        4       32      3.4677      3.4015        7.2631968881    0.1531721503E+01
        4        4       32      3.4677      3.4042        7.2639856543    0.1564423308E+01
        4        4       32      3.4677      3.4069        7.2647604210    0.1601467958E+01
        4        4       32      3.4677      3.4095        7.2655199468    0.1642713516E+01
        4        4       32      3.4677      3.4121        7.2662660388    0.4279382238E+01
        4        4       32      3.4677      3.4146        7.2741220189    0.4172479890E+01
        4        4       32      3.4677      3.4170        7.2854969621    0.5462400562E+01
        4        4       32      3.4677      3.4194        7.2966781014    0.5281567653E+01
        4        4       32      3.4677      3.4218        7.3076724671    0.5097147740E+01
        4        4       32      3.4677      3.4241        7.3184682914    0.4909546964E+01
        4        4       32      3.4677      3.4263        7.3290555966    0.4719324205E+01
        4        4       32      3.4677      3.4285        7.3394190864    0.4526903869E+01
        4        4       32      3.4677      3.4306        7.3495696349    0.4332790340E+01
        4        4       32      3.4677      3.4327        7.3594966691    0.4137647006E+01
        4        4       32      3.4677      3.4348        7.3691934048    0.3941878373E+01
        4        4       32      3.4677      3.4367        7.3786560943    0.3746139147E+01
        4        4       32      3.4677      3.4387        7.3878835597    0.3550851138E+01
        4        4       32      3.4677      3.4405        7.3968698013    0.3356681589E+01
        4        4       32      3.4677      3.4423        7.4056178893    0.1837630376E+02
        4        4       32      3.4677      3.4441        7.4095339768    0.1896414168E+02
        4        4       32      3.4677      3.4458        7.4086225322    0.2758284153E+02
        4        4       32      3.4677      3.4474        7.4077136327    0.2859008020E+02
        4        4       32      3.4677      3.4489        7.4068084412    0.2968546198E+02
        4        4       32      3.4677      3.4505        7.4059126041    0.3088085301E+02
        4        4       32      3.4677      3.4519        7.4050247023    0.3218959080E+02
        4        4       32      3.4677      3.4533        7.4041516185    0.3362813527E+02
        4        4       32      3.4677      3.4546        7.4032919184    0.3521576216E+02
        4        4       32      3.4677      3.4559        7.4024506219    0.3697616300E+02
        4        4       32      3.4677      3.4571        7.4016331055    0.3893828190E+02
        4        4       32      3.4677      3.4582        7.4008389263    0.4113733355E+02
        4        4       32      3.4677      3.4593        7.4000740966    0.4361835241E+02
        4        4       32      3.4677      3.4603        7.3993350716    0.4643675459E+02
        4        4       32      3.4677      3.4613        7.3986288715    0.4966556498E+02
        4        4       32      3.4677      3.4621        7.3979588507    0.5339898001E+02
        4        4       32      3.4677      3.4630        7.3973255285    0.5776227213E+02
        4        4       32      3.4677      3.4637        7.3967364697    0.6292826790E+02
        4        4       32      3.4677      3.4644        7.3961894781    0.6913724082E+02
        4        4       32      3.4677      3.4650        7.3956875756    0.7673579627E+02
        4        4       32      3.4677      3.4656        7.3952325918    0.8624516495E+02
        4        4       32      3.4677      3.4661        7.3948245893    0.9848373324E+02
        4        4       32      3.4677      3.4665        7.3944669592    0.1148158452E+03
        4        4       32      3.4677      3.4669        7.3941642868    0.1376966050E+03
        4        4       32      3.4677      3.4672        7.3939124771    0.1720361078E+03
        4        4       32      3.4677      3.4674        7.3937189660    0.2292970636E+03
        4        4       32      3.4677      3.4676        7.3935776258    0.3438521105E+03
        4        4       32      3.4677      3.4677        7.3934926313    0.6875954812E+03
        4        4       32      3.4677      3.4677        7.2861481211    0.3831139852E-05
        4        4       32      3.4677      3.4677        7.2860812886    0.7338773447E-02
        4        4       32      3.4677      3.4676        7.2858832116    0.1506239864E-01
        4        4       32      3.4677      3.4675        7.2855556276    0.2352753128E-01
        4        4       32      3.4677      3.4674        7.2851001917    0.3305122009E-01
        4        4       32      3.4677      3.4672        7.2845164212    0.4389396725E-01
        4        4       32      3.4677      3.4670        7.2838078229    0.5626950803E-01
        4        4       32      3.4677      3.4667        7.2829768411    0.7035417200E-01
        4        4       32      3.4677      3.4664        7.2820241948    0.8628305483E-01
        4        4       32      3.4677      3.4661        7.2809569650    0.1041713874E+00
        4        4       32      3.4677      3.4657        7.2797757976    0.1241181007E+00
        4        4       32      3.4677      3.4653        7.2784846708    0.1461929607E+00
        4        4       32      3.4677      3.4648        7.2770856294    0.1704616132E+00
        4        4       32      3.4677      3.4643        7.2755887230    0.1969715108E+00
        4        4       32      3.4677      3.4638        7.2739906839    0.2257552575E+00
        4        4       32      3.4677      3.4632        7.2722989315    0.2568314631E+00
        4        4       32      3.4677      3.4626        7.2705163282    0.2902075660E+00
        4        4       32      3.4677      3.4619        7.2686512357    0.3258839661E+00
        4        4       32      3.4677      3.4613        7.2667048875    0.3638424064E+00
        4        4       32      3.4677      3.4605        7.2646819537    0.4040267476E+00
        4        4       32      3.4677      3.4598        7.2625857828    0.4464089116E+00
        4        4       32      3.4677      3.4590        7.2604198231    0.4909195992E+00
        4        4       32      3.4677      3.4581        7.2581904783    0.5374846814E+00
        4        4       32      3.4677      3.4572        7.2559034190    0.5860150717E+00
        4        4       32      3.4677      3.4563        7.2535573561    0.6364203184E+00
        4        4       32      3.4677      3.4554        7.2511625254    0.6885936645E+00
        4        4       32      3.4677      3.4544        7.2487196527    0.7424114646E+00
        4        4       32      3.4677      3.4534        7.2462299618    0.7977621490E+00
        4        4       32      3.4677      3.4523        7.2437022282    0.8545227094E+00
        4        4       32      3.4677      3.4512        7.2411361966    0.9125610045E+00
        4        4       32      3.4677      3.4501        7.2385377438    0.9717457420E+00
        4        4       32      3.4677      3.4489        7.2359093813    0.1031917758E+01
        4        4       32      3.4677      3.4477        7.2332563929    0.1092984722E+01
        4        4       32      3.4677      3.4465        7.2305820040    0.1154795884E+01
        4        4       32      3.4677      3.4452        7.2278851637    0.1217203883E+01
        4        4       32      3.4677      3.4439        7.2251732879    0.7618746039E+01
        4        4       32      3.4677      3.4426        7.2224485449    0.7615528286E+01
        4        4       32      3.4677      3.4412        7.2197124153    0.7612760703E+01
        4        4       32      3.4677      3.4398        7.2169722172    0.7610543490E+01
        4        4       32      3.4677      3.4384        7.2142253508    0.7608860026E+01
        4        4       32      3.4677      3.4369        7.2132190644    0.7607553924E+01
        4        4       32      3.4677      3.4354        7.2125391027    0.7606732885E+01
        4        4       32      3.4677      3.4339        7.2118656735    0.7606304746E+01
        4        4       32      3.4677      3.4324        7.2111987195    0.7606214240E+01
        4        4       32      3.4677      3.4308        7.2105407632    0.1059699645E+02
        4        4       32      3.4677      3.4292        7.2098877469    0.1058685554E+02
        4        4       32      3.4677      3.4276        7.2092425949    0.1057685757E+02
        4        4       32      3.4677      3.4259        7.2086048308    0.1056699453E+02
        4        4       32      3.4677      3.4242        7.2079754853    0.1055725870E+02
        4        4       32      3.4677      3.4225        7.2073564049    0.1054757542E+02
        4        4       32      3.4677      3.4207        7.2067485751    0.1053801122E+02
        4        4       32      3.4677      3.4225        7.2073564049    0.1054757542E+02
        4        4       32      3.4677      3.4242        7.2079754853    0.1055725870E+02
        4        4       32      3.4677      3.4259        7.2086048308    0.1056699453E+02
        4        4       32      3.4677      3.4276        7.2092425949    0.1057685757E+02
        4        4       32      3.4677      3.4292        7.2098877469    0.1058685554E+02
        4        4       32      3.4677      3.4308        7.2105407632    0.1059699645E+02
        4        4       32      3.4677      3.4324        7.2111987195    0.7606214240E+01
        4        4       32      3.4677      3.4339        7.2118656735    0.7606304746E+01
        4        4       32      3.4677      3.4354        7.2125391027    0.7606732885E+01
        4        4       32      3.4677      3.4369        7.2132190644    0.7607553924E+01
        4        4       32      3.4677      3.4384        7.2142253508    0.7608860026E+01
        4        4       32      3.4677      3.4398        7.2169722172    0.7610543490E+01
        4        4       32      3.4677      3.4412        7.2197124153    0.7612760703E+01
        4        4       32      3.4677      3.4426        7.2224485449    0.7615528286E+01
        4        4       32      3.4677      3.4439        7.2251732879    0.7618746039E+01
        4        4       32      3.4677      3.4452        7.2278851637    0.1217203883E+01
        4        4       32      3.4677      3.4465        7.2305820040    0.1154795884E+01
        4        4       32      3.4677      3.4477        7.2332563929    0.1092984722E+01
        4        4       32      3.4677      3.4489        7.2359093813    0.1031917758E+01
        4        4       32      3.4677      3.4501        7.2385377438    0.9717457420E+00
        4        4       32      3.4677      3.4512        7.2411361966    0.9125610045E+00
        4        4       32      3.4677      3.4523        7.2437022282    0.8545227094E+00
        4        4       32      3.4677      3.4534        7.2462299618    0.7977621490E+00
        4        4       32      3.4677      3.4544        7.2487196527    0.7424114646E+00
        4        4       32      3.4677      3.4554        7.2511625254    0.6885936645E+00
        4        4       32      3.4677      3.4563        7.2535573561    0.6364203184E+00
        4        4       32      3.4677      3.4572        7.2559034190    0.5860150717E+00
        4        4       32      3.4677      3.4581        7.2581904783    0.5374846814E+00
        4        4       32      3.4677      3.4590        7.2604198231    0.4909195992E+00
        4        4       32      3.4677      3.4598        7.2625857828    0.4464089116E+00
        4        4       32      3.4677      3.4605        7.2646819537    0.4040267476E+00
        4        4       32      3.4677      3.4613        7.2667048875    0.3638424064E+00
        4        4       32      3.4677      3.4619        7.2686512357    0.3258839661E+00
        4        4       32      3.4677      3.4626        7.2705163282    0.2902075660E+00
        4        4       32      3.4677      3.4632        7.2722989315    0.2568314631E+00
        4        4       32      3.4677      3.4638        7.2739906839    0.2257552575E+00
        4        4       32      3.4677      3.4643        7.2755887230    0.1969715108E+00
        4        4       32      3.4677      3.4648        7.2770856294    0.1704616132E+00
        4        4       32      3.4677      3.4653        7.2784846708    0.1461929607E+00
        4        4       32      3.4677      3.4657        7.2797757976    0.1241181007E+00
        4        4       32      3.4677      3.4661        7.2809569650    0.1041713874E+00
        4        4       32      3.4677      3.4664        7.2820241948    0.8628305483E-01
        4        4       32      3.4677      3.4667        7.2829768411    0.7035417200E-01
        4        4       32      3.4677      3.4670        7.2838078229    0.5626950803E-01
        4        4       32      3.4677      3.4672        7.2845164212    0.4389396725E-01
        4        4       32      3.4677      3.4674        7.2851001917    0.3305122009E-01
        4        4       32      3.4677      3.4675        7.2855556276    0.2352753128E-01
        4        4       32      3.4677      3.4676        7.2858832116    0.1506239864E-01
        4        4       32      3.4677      3.4677        7.2860812886    0.7338773447E-02
        4        4       32      3.4677      3.4677        7.2861481211    0.3831139852E-05
        4        4       32      3.4677      3.4677        7.3374792830    0.5119664673E+03
        4        4       32      3.4677      3.4676        7.3374981405    0.2560852340E+03
        4        4       32      3.4677      3.4674        7.3375379038    0.1708382303E+03
        4        4       32      3.4677      3.4671        7.3375929997    0.1282511090E+03
        4        4       32      3.4677      3.4668        7.3376629504    0.1027245405E+03
        4        4       32      3.4677      3.4664        7.3377501746    0.8573041563E+02
        4        4       32      3.4677      3.4659        7.3378579586    0.7361060664E+02
        4        4       32      3.4677      3.4654        7.3379819878    0.6453741496E+02
        4        4       32      3.4677      3.4648        7.3381321158    0.5749703632E+02
        4        4       32      3.4677      3.4641        7.3383030681    0.5187714915E+02
        4        4       32      3.4677      3.4633        7.3384932505    0.4729081999E+02
        4        4       32      3.4677      3.4625        7.3387132332    0.4347977336E+02
        4        4       32      3.4677      3.4616        7.3389597086    0.4026468683E+02
        4        4       32      3.4677      3.4606        7.3392335495    0.3751743005E+02
        4        4       32      3.4677      3.4596        7.3395397278    0.3514518398E+02
        4        4       32      3.4677      3.4585        7.3398769157    0.3307697556E+02
        4        4       32      3.4677      3.4573        7.3402467844    0.3125915536E+02
        4        4       32      3.4677      3.4561        7.3406559863    0.2964981133E+02
        4        4       32      3.4677      3.4548        7.3411062089    0.2821641887E+02
        4        4       32      3.4677      3.4534        7.3415961869    0.2693184842E+02
        4        4       32      3.4677      3.4519        7.3421266486    0.2577474396E+02
        4        4       32      3.4677      3.4504        7.3426989560    0.2472723372E+02
        4        4       32      3.4677      3.4488        7.3433195709    0.2377581777E+02
        4        4       32      3.4677      3.4472        7.3439889091    0.2290776277E+02
        4        4       32      3.4677      3.4455        7.3447054554    0.2211327740E+02
        4        4       32      3.4677      3.4437        7.3454732476    0.2138356028E+02
        4        4       32      3.4677      3.4418        7.3462893860    0.2071130726E+02
        4        4       32      3.4677      3.4399        7.3471612394    0.2009050325E+02
        4        4       32      3.4677      3.4380        7.3480885243    0.1951568981E+02
        4        4       32      3.4677      3.4359        7.3490721541    0.1898202644E+02
        4        4       32      3.4677      3.4338        7.3501103243    0.1848540363E+02
        4        4       32      3.4677      3.4317        7.3512095212    0.1802258325E+02
        4        4       32      3.4677      3.4295        7.3523674433    0.1758981597E+02
        4        4       32      3.4677      3.4272        7.3535836950    0.1718485829E+02
        4        4       32      3.4677      3.4249        7.3548603906    0.1680508663E+02
        4        4       32      3.4677      3.4225        7.3561948894    0.1644841721E+02
        4        4       32      3.4677      3.4200        7.3575927431    0.1611282422E+02
        4        4       32      3.4677      3.4175        7.3590504651    0.1579688539E+02
        4        4       32      3.4677      3.4150        7.3605701257    0.1549862485E+02
        4        4       32      3.4677      3.4123        7.3621506153    0.1100709337E+02
        4        4       32      3.4677      3.4097        7.3637934864    0.1083499709E+02
        4        4       32      3.4677      3.4069        7.3612869047    0.1067310116E+02
        4        4       32      3.4677      3.4042        7.3559425591    0.3511788413E+01
        4        4       32      3.4677      3.4013        7.3506434304    0.3584228699E+01
        4        4       32      3.4677      3.3985        7.3453992659    0.3653957768E+01
        4        4       32      3.4677      3.3955        7.3402069068    0.3720954465E+01
        4        4       32      3.4677      3.3925        7.3350762514    0.3784855260E+01
        4        4       32      3.4677      3.3895        7.3300165004    0.3845542196E+01
        4        4       32      3.4677      3.3864        7.3250259907    0.3902961006E+01
        4        4       32      3.4677      3.3833        7.3201116763    0.3956768331E+01
        4        4       32      3.4677      3.3864        7.3250259907    0.3902961006E+01
        4        4       32      3.4677      3.3895        7.3300165004    0.3845542196E+01
        4        4       32      3.4677      3.3925        7.3350762514    0.3784855260E+01
        4        4       32      3.4677      3.3955        7.3402069068    0.3720954465E+01
        4        4       32      3.4677      3.3985        7.3453992659    0.3653957768E+01
        4        4       32      3.4677      3.4013        7.3506434304    0.3584228699E+01
        4        4       32      3.4677      3.4042        7.3559425591    0.3511788413E+01
        4        4       32      3.4677      3.4069        7.3612869047    0.1067310116E+02
        4        4       32      3.4677      3.4097        7.3637934864    0.1083499709E+02
        4        4       32      3.4677      3.4123        7.3621506153    0.1100709337E+02
        4        4       32      3.4677      3.4150        7.3605701257    0.1549862485E+02
        4        4       32      3.4677      3.4175        7.3590504651    0.1579688539E+02
        4        4       32      3.4677      3.4200        7.3575927431    0.1611282422E+02
        4        4       32      3.4677      3.4225        7.3561948894    0.1644841721E+02
        4        4       32      3.4677      3.4249        7.3548603906    0.1680508663E+02
        4        4       32      3.4677      3.4272        7.3535836950    0.1718485829E+02
        4        4       32      3.4677      3.4295        7.3523674433    0.1758981597E+02
        4        4       32      3.4677      3.4317        7.3512095212    0.1802258325E+02
        4        4       32      3.4677      3.4338        7.3501103243    0.1848540363E+02
        4        4       32      3.4677      3.4359        7.3490721541    0.1898202644E+02
        4        4       32      3.4677      3.4380        7.3480885243    0.1951568981E+02
        4        4       32      3.4677      3.4399        7.3471612394    0.2009050325E+02
        4        4       32      3.4677      3.4418        7.3462893860    0.2071130726E+02
        4        4       32      3.4677      3.4437        7.3454732476    0.2138356028E+02
        4        4       32      3.4677      3.4455        7.3447054554    0.2211327740E+02
        4        4       32      3.4677      3.4472        7.3439889091    0.2290776277E+02
        4        4       32      3.4677      3.4488        7.3433195709    0.2377581777E+02
        4        4       32      3.4677      3.4504        7.3426989560    0.2472723372E+02
        4        4       32      3.4677      3.4519        7.3421266486    0.2577474396E+02
        4        4       32      3.4677      3.4534        7.3415961869    0.2693184842E+02
        4        4       32      3.4677      3.4548        7.3411062089    0.2821641887E+02
        4        4       32      3.4677      3.4561        7.3406559863    0.2964981133E+02
        4        4       32      3.4677      3.4573        7.3402467844    0.3125915536E+02
        4        4       32      3.4677      3.4585        7.3398769157    0.3307697556E+02
        4        4       32      3.4677      3.4596        7.3395397278    0.3514518398E+02
        4        4       32      3.4677      3.4606        7.3392335495    0.3751743005E+02
        4        4       32      3.4677      3.4616        7.3389597086    0.4026468683E+02
        4        4       32      3.4677      3.4625        7.3387132332    0.4347977336E+02
        4        4       32      3.4677      3.4633        7.3384932505    0.4729081999E+02
        4        4       32      3.4677      3.4641        7.3383030681    0.5187714915E+02
        4        4       32      3.4677      3.4648        7.3381321158    0.5749703632E+02
        4        4       32      3.4677      3.4654        7.3379819878    0.6453741496E+02
        4        4       32      3.4677      3.4659        7.3378579586    0.7361060664E+02
        4        4       32      3.4677      3.4664        7.3377501746    0.8573041563E+02
        4        4       32      3.4677      3.4668        7.3376629504    0.1027245405E+03
        4        4       32      3.4677      3.4671        7.3375929997    0.1282511090E+03
        4        4       32      3.4677      3.4674        7.3375379038    0.1708382303E+03
        4        4       32      3.4677      3.4676        7.3374981405    0.2560852340E+03
        4        4       32      3.4677      3.4677        7.3374792830    0.5119664673E+03
        4        4       32      3.4677      3.4677        7.2861481211    0.3831139852E-05
        4        4       32      3.4677      3.4676        7.2856918320    0.2030208053E-01
        4        4       32      3.4677      3.4671        7.2843421146    0.4699441273E-01
        4        4       32      3.4677      3.4664        7.2821298675    0.8451593108E-01
        4        4       32      3.4677      3.4655        7.2791103209    0.1354660515E+00
        4        4       32      3.4677      3.4642        7.2753428314    0.2013641300E+00
        4        4       32      3.4677      3.4627        7.2708998633    0.2829869870E+00
        4        4       32      3.4677      3.4610        7.2658613000    0.3804938403E+00
        4        4       32      3.4677      3.4589        7.2603043148    0.4933193587E+00
        4        4       32      3.4677      3.4566        7.2543050352    0.6203044619E+00
        4        4       32      3.4677      3.4541        7.2479385784    0.7597309551E+00
        4        4       32      3.4677      3.4513        7.2412720991    0.9094755604E+00
        4        4       32      3.4677      3.4482        7.2343763420    0.1067174790E+01
        4        4       32      3.4677      3.4449        7.2273152110    0.1230410499E+01
        4        4       32      3.4677      3.4414        7.2201447113    0.7613179302E+01
        4        4       32      3.4677      3.4377        7.2135784750    0.7608181348E+01
        4        4       32      3.4677      3.4338        7.2117952454    0.7606274838E+01
        4        4       32      3.4677      3.4296        7.2100590965    0.1058951184E+02
        4        4       32      3.4677      3.4253        7.2083704907    0.1056341779E+02
        4        4       32      3.4677      3.4207        7.2067485751    0.1053801122E+02
        4        4       32      3.4677      3.4160        7.2051932597    0.1051331824E+02
        4        4       32      3.4677      3.4111        7.2037245454    0.1048892171E+02
        4        4       32      3.4677      3.4061        7.2023489148    0.1046475207E+02
        4        4       32      3.4677      3.4009        7.2010823704    0.1044062747E+02
        4        4       32      3.4677      3.3956        7.1999268914    0.1041649249E+02
        4        4       32      3.4677      3.3901        7.1989013588    0.1039225235E+02
        4        4       32      3.4677      3.3845        7.1980214976    0.1036764048E+02
        4        4       32      3.4677      3.3788        7.1972908887    0.1034281333E+02
        4        4       32      3.4677      3.3730        7.1967297955    0.1031759476E+02
        4        4       32      3.4677      3.3671        7.1963397517    0.1029202754E+02
        4        4       32      3.4677      3.3612        7.1961336582    0.1026603636E+02
        4        4       32      3.4677      3.3551        7.1961175112    0.1023946726E+02
        4        4       32      3.4677      3.3490        7.1962943216    0.1021209952E+02
        4        4       32      3.4677      3.3429        7.1966730817    0.1018394273E+02
        4        4       32      3.4677      3.3367        7.1972606622    0.1015452201E+02
        4        4       32      3.4677      3.3304        7.1980524238    0.1012368964E+02
        4        4       32      3.4677      3.3241        7.1990508610    0.1009109039E+02
        4        4       32      3.4677      3.3178        7.2002534926    0.1005624059E+02
        4        4       32      3.4677      3.3115        7.2016537780    0.1001854101E+02
        4        4       32      3.4677      3.3052        7.2032420541    0.9977712510E+01
        4        4       32      3.4677      3.2989        7.2050146479    0.9932886439E+01
        4        4       32      3.4677      3.2926        7.2069588844    0.9883223603E+01
        4        4       32      3.4677      3.2864        7.2090640162    0.9827978637E+01
        4        4       32      3.4677      3.2801        7.2113172352    0.9766349493E+01
        4        4       32      3.4677      3.2739        7.2136910128    0.9697798387E+01
        4        4       32      3.4677      3.2677        7.2161693936    0.9621298551E+01
        4        4       32      3.4677      3.2615        7.2187366827    0.9536003416E+01
        4        4       32      3.4677      3.2554        7.2213690749    0.9441287444E+01
        4        4       32      3.4677      3.2493        7.2240455328    0.9336191303E+01
        4        4       32      3.4677      3.2432        7.2267374750    0.9220425604E+01
        4        4       32      3.4677      3.2372        7.2294245303    0.9093270928E+01
        4        4       32      3.4677      3.2313        7.2320840045    0.8954314006E+01
        4        4       32      3.4677      3.2254        7.2346926050    0.8803241791E+01
        4        4       32      3.4677      3.2195        7.2372213719    0.8639947939E+01
        4        4       32      3.4677      3.2137        7.2396548160    0.6522596005E+01
        4        4       32      3.4677      3.2079        7.2482577351    0.6389421086E+01
        4        4       32      3.4677      3.2022        7.2595296592    0.3581548974E+01
        4        4       32      3.4677      3.1966        7.2709852848    0.3535359195E+01
        4        4       32      3.4677      3.1910        7.2825950406    0.3486655253E+01
        4        4       32      3.4677      3.1855        7.2943187473    0.3435678319E+01
        4        4       32      3.4677      3.1800        7.3061212307    0.3382494734E+01
        4        4       32      3.4677      3.1745        7.3179615074    0.3327317370E+01
        4        4       32      3.4677      3.1691        7.3298099347    0.3270094585E+01
        4        4       32      3.4677      3.1638        7.3416225436    0.3211125484E+01
        4        4       32      3.4677      3.1585        7.3533758361    0.3150355985E+01
        4        4       32      3.4677      3.1532        7.3650435770    0.3087881448E+01
        4        4       32      3.4677      3.1480        7.3765812321    0.3023814830E+01
        4        4       32      3.4677      3.1428        7.3879945759    0.2957924375E+01
        4        4       32      3.4677      3.1376        7.3992386631    0.2890422196E+01
        4        4       32      3.4677      3.1325        7.4102983804    0.2821132542E+01
        4        4       32      3.4677      3.1275        7.4211531599    0.2750009789E+01
        4        4       32      3.4677      3.1225        7.4317702294    0.2676933946E+01
        4        4       32      3.4677      3.1175        7.4421435657    0.2601600616E+01
        4        4       32      3.4677      3.1125        7.4522460749    0.2523844281E+01
        4        4       32      3.4677      3.1076        7.4620547565    0.2443279270E+01
        4        4       32      3.4677      3.1027        7.4715439935    0.2359581975E+01
        4        4       32      3.4677      3.0978        7.4806989798    0.2272284719E+01
        4        4       32      3.4677      3.0930        7.4894968257    0.2180829955E+01
        4        4       32      3.4677      3.0882        7.4979058623    0.2084757097E+01
        4        4       32      3.4677      3.0835        7.5058900170    0.1983485226E+01
        4        4       32      3.4677      3.0787        7.5134147042    0.1876520516E+01
        4        4       32      3.4677      3.0740        7.5204290985    0.1763445950E+01
        4        4       32      3.4677      3.0694        7.5268786074    0.1643994564E+01
        4        4       32      3.4677      3.0647        7.5326900253    0.1518151175E+01
        4        4       32      3.4677      3.0602        7.5377864659    0.1386208827E+01
        4        4       32      3.4677      3.0556        7.5420826144    0.1248946153E+01
        4        4       32      3.4677      3.0511        7.5454523145    0.1107661404E+01
        4        4       32      3.4677      3.0466        7.5477603796    0.9642408650E+00
        4        4       32      3.4677      3.0422        7.5488774186    0.8210696162E+00
        4        4       32      3.4677      3.0378        7.5486534334    0.6808524403E+00
        4        4       32      3.4677      3.0334        7.5469400282    0.5463502579E+00
        4        4       32      3.4677      3.0291        7.5435820547    0.4199387860E+00
        4        4       32      3.4677      3.0249        7.5384331138    0.3031113910E+00
        4        4       32      3.4677      3.0207        7.5313584574    0.1958344718E+00
        4        4       32      3.4677      3.0165        7.5222428893    0.9617166993E-01
        4        4       32      3.4677      3.0124        7.5109807667    0.5616996467E-05
        4        4       32      3.4677      3.0161        7.5210484121    0.2702731922E+00
        4        4       32      3.4677      3.0194        7.5278376533    0.5175761751E+00
        4        4       32      3.4677      3.0224        7.5314644128    0.7489596109E+00
        4        4       32      3.4677      3.0250        7.5320669013    0.9725409119E+00
        4        4       32      3.4677      3.0272        7.5298300518    0.1196279588E+01
        4        4       32      3.4677      3.0291        7.5249568049    0.1426216838E+01
        4        4       32      3.4677      3.0306        7.5177466108    0.1665663778E+01
        4        4       32      3.4677      3.0317        7.5084936535    0.1914252933E+01
        4        4       32      3.4677      3.0325        7.4975383845    0.2168365357E+01
        4        4       32      3.4677      3.0329        7.4852214851    0.2422014329E+01
        4        4       32      3.4677      3.0329        7.4718300243    0.2666956080E+01
        4        4       32      3.4677      3.0326        7.4576192616    0.2893262507E+01
        4        4       32      3.4677      3.0319        7.4427845050    0.3088515899E+01
        4        4       32      3.4677      3.0309        7.4274907884    0.3238606657E+01
        4        4       32      3.4677      3.0295        7.4118840205    0.3329607888E+01
        4        4       32      3.4677      3.0278        7.3961518230    0.3354712842E+01
        4        4       32      3.4677      3.0258        7.3804882398    0.3323467957E+01
        4        4       32      3.4677      3.0234        7.3650812216    0.3270916190E+01
        4        4       32      3.4677      3.0207        7.3500356958    0.3255129789E+01
        4        4       32      3.4677      3.0178        7.3353528308    0.3336095721E+01
        4        4       32      3.4677      3.0145        7.3209127007    0.3545749025E+01
        4        4       32      3.4677      3.0110        7.3065596008    0.3878487603E+01
        4        4       32      3.4677      3.0072        7.2921539965    0.4308499723E+01
        4        4       32      3.4677      3.0031        7.2776490846    0.4811422768E+01
        4        4       32      3.4677      2.9988        7.2630984695    0.5373054922E+01
        4        4       32      3.4677      2.9943        7.2486688400    0.5987220067E+01
        4        4       32      3.4677      2.9895        7.2345869552    0.6649864141E+01
        4        4       32      3.4677      2.9846        7.2211152188    0.7353379186E+01
        4        4       32      3.4677      2.9794        7.2085032579    0.8084607185E+01
        4        4       32      3.4677      2.9741        7.1969658706    0.8824063666E+01
        4        4       32      3.4677      2.9687        7.1866413770    0.9548849819E+01
        4        4       32      3.4677      2.9631        7.1776199131    0.1023739162E+02
        4        4       32      3.4677      2.9574        7.1699076467    0.1087260716E+02
        4        4       32      3.4677      2.9515        7.1634595815    0.1144503078E+02
        4        4       32      3.4677      2.9456        7.1581784958    0.1195307300E+02
        4        4       32      3.4677      2.9396        7.1539553361    0.1240116210E+02
        4        4       32      3.4677      2.9335        7.1506649205    0.1279845137E+02
        4        4       32      3.4677      2.9274        7.1481865882    0.1315612575E+02
        4        4       32      3.4677      2.9213        7.1463878358    0.1348702490E+02
        4        4       32      3.4677      2.9151        7.1451675608    0.1380269261E+02
        4        4       32      3.4677      2.9089        7.1444239750    0.1411368248E+02
        4        4       32      3.4677      2.9027        7.1440770266    0.1442808271E+02
        4        4       32      3.4677      2.8966        7.1440565316    0.1475273716E+02
        4        4       32      3.4677      2.8904        7.1443181647    0.1509165826E+02
        4        4       32      3.4677      2.8843        7.1448339013    0.1544686181E+02
        4        4       32      3.4677      2.8783        7.1455888236    0.1581904983E+02
        4        4       32      3.4677      2.8723        7.1465972256    0.1620670527E+02
        4        4       32      3.4677      2.8664        7.1478825040    0.1660786058E+02
        4        4       32      3.4677      2.8605        7.1494725777    0.1701979494E+02
        4        4       32      3.4677      2.8547        7.1514053673    0.1743925038E+02
        4        4       32      3.4677      2.8490        7.1537286276    0.1786254745E+02
        4        4       32      3.4677      2.8434        7.1564847349    0.1828607683E+02
        4        4       32      3.4677      2.8379        7.1596984296    0.1870597535E+02
        4        4       32      3.4677      2.8325        7.1633906902    0.1911762330E+02
        4        4       32      3.4677      2.8272        7.1675578189    0.1951559730E+02
        4        4       32      3.4677      2.8220        7.1721898658    0.1989369709E+02
        4        4       32      3.4677      2.8169        7.1772540565    0.2024392229E+02
        4        4       32      3.4677      2.8119        7.1826929720    0.2055651972E+02
        4        4       32      3.4677      2.8070        7.1884425134    0.2081997422E+02
        4        4       32      3.4677      2.8022        7.1944098914    0.2102084708E+02
        4        4       32      3.4677      2.7975        7.2005252832    0.2114506428E+02
        4        4       32      3.4677      2.7929        7.2067290054    0.2117920071E+02
        4        4       32      3.4677      2.7884        7.2129759920    0.2111292297E+02
        4        4       32      3.4677      2.7840        7.2192900712    0.2094107093E+02
        4        4       32      3.4677      2.7797        7.2257854397    0.2066494186E+02
        4        4       32      3.4677      2.7755        7.2326674770    0.2029191624E+02
        4        4       32      3.4677      2.7713        7.2402606483    0.1983148152E+02
        4        4       32      3.4677      2.7673        7.2490114080    0.1929105039E+02
        4        4       32      3.4677      2.7633        7.2594892537    0.1866868238E+02
        4        4       32      3.4677      2.7593        7.2723391635    0.1794889681E+02
        4        4       32      3.4677      2.7554        7.2882728395    0.1710282844E+02
        4        4       32      3.4677      2.7516        7.3078649872    0.1609951853E+02
        4        4       32      3.4677      2.7478        7.3314285032    0.1492385836E+02
        4        4       32      3.4677      2.7441        7.3588437343    0.1359336364E+02
        4        4       32      3.4677      2.7404        7.3895218204    0.1215645229E+02
        4        4       32      3.4677      2.7367        7.4224721268    0.1067541776E+02
        4        4       32      3.4677      2.7330        7.4564660454    0.9207524286E+01
        4        4       32      3.4677      2.7293        7.4902141590    0.7797893136E+01
        4        4       32      3.4677      2.7257        7.5224684816    0.6484586019E+01
        4        4       32      3.4677      2.7220        7.5523105982    0.5305193239E+01
        4        4       32      3.4677      2.7183        7.5792194025    0.4298085362E+01
        4        4       32      3.4677      2.7146        7.6031131743    0.3494251441E+01
        4        4       32      3.4677      2.7108        7.6242928974    0.2906300607E+01
        4        4       32      3.4677      2.7070        7.6431539499    0.2526542820E+01
        4        4       32      3.4677      2.7032        7.6599513744    0.2328903100E+01
        4        4       32      3.4677      2.6992        7.6744538104    0.2268966015E+01
        4        4       32      3.4677      2.6953        7.6856275500    0.2271143984E+01
        4        4       32      3.4677      2.6912        7.6918177128    0.2229766551E+01
        4        4       32      3.4677      2.6871        7.6920371840    0.2081146468E+01
        4        4       32      3.4677      2.6828        7.6869985609    0.1859122563E+01
        4        4       32      3.4677      2.6785        7.6782624348    0.1622476357E+01
        4        4       32      3.4677      2.6740        7.6672335997    0.1400743525E+01
        4        4       32      3.4677      2.6695        7.6549270734    0.1200123116E+01
        4        4       32      3.4677      2.6648        7.6420531986    0.1017000131E+01
        4        4       32      3.4677      2.6600        7.6291079361    0.8452150562E+00
        4        4       32      3.4677      2.6550        7.6164566506    0.6789281952E+00
        4        4       32      3.4677      2.6499        7.6043784446    0.5135541242E+00
        4        4       32      3.4677      2.6447        7.5931094714    0.3460597667E+00
        4        4       32      3.4677      2.6394        7.5828182240    0.1748748634E+00
        4        4       32      3.4677      2.6339        7.5736786052    0.3179364165E-04
        4        4       32      3.4677      2.6395        7.5827346604    0.1230592011E+00
        4        4       32      3.4677      2.6452        7.5928211506    0.2539933090E+00
        4        4       32      3.4677      2.6511        7.6037885271    0.3954140649E+00
        4        4       32      3.4677      2.6571        7.6154150148    0.5488557459E+00
        4        4       32      3.4677      2.6632        7.6274041127    0.7147833312E+00
        4        4       32      3.4677      2.6694        7.6394960827    0.8928331631E+00
        4        4       32      3.4677      2.6758        7.6514682759    0.1082219053E+01
        4        4       32      3.4677      2.6823        7.6631028217    0.1281805585E+01
        4        4       32      3.4677      2.6889        7.6742733571    0.1490462793E+01
        4        4       32      3.4677      2.6957        7.6821321795    0.2909620994E+01
        4        4       32      3.4677      2.7026        7.6321326248    0.3956230230E+01
        4        4       32      3.4677      2.7097        7.5823680311    0.4142804756E+01
        4        4       32      3.4677      2.7169        7.5338924256    0.4297647845E+01
        4        4       32      3.4677      2.7242        7.4876125694    0.4414686612E+01
        4        4       32      3.4677      2.7317        7.4442469382    0.4489445424E+01
        4        4       32      3.4677      2.7393        7.4042213601    0.4520685758E+01
        4        4       32      3.4677      2.7471        7.3739292691    0.4347305584E+01
        4        4       32      3.4677      2.7550        7.3586837347    0.4273682917E+01
        4        4       32      3.4677      2.7630        7.3444862286    0.4323099316E+01
        4        4       32      3.4677      2.7713        7.3314469971    0.4329524211E+01
        4        4       32      3.4677      2.7796        7.3196145868    0.4299427023E+01
        4        4       32      3.4677      2.7881        7.3089524688    0.4239117607E+01
        4        4       32      3.4677      2.7968        7.2993909327    0.4155452365E+01
        4        4       32      3.4677      2.8056        7.2908547028    0.4053787166E+01
        4        4       32      3.4677      2.8145        7.2832098785    0.3938656541E+01
        4        4       32      3.4677      2.8236        7.2763591879    0.3813723306E+01
        4        4       32      3.4677      2.8328        7.2702108406    0.3681302777E+01
        4        4       32      3.4677      2.8421        7.2646606812    0.3543277244E+01
        4        4       32      3.4677      2.8516        7.2596335188    0.3400727230E+01
        4        4       32      3.4677      2.8612        7.2550502080    0.3254607870E+01
        4        4       32      3.4677      2.8709        7.2508471847    0.3105431131E+01
        4        4       32      3.4677      2.8808        7.2469848832    0.2953411850E+01
        4        4       32      3.4677      2.8907        7.2433874943    0.2798842166E+01
        4        4       32      3.4677      2.9008        7.2400543438    0.2641490341E+01
        4        4       32      3.4677      2.9110        7.2369371670    0.2481637617E+01
        4        4       32      3.4677      2.9213        7.2339936097    0.2319028941E+01
        4        4       32      3.4677      2.9317        7.2312254692    0.2153799600E+01
        4        4       32      3.4677      2.9422        7.2286018946    0.1985744597E+01
        4        4       32      3.4677      2.9527        7.2260984447    0.1814803356E+01
        4        4       32      3.4677      2.9634        7.2237120648    0.1640956202E+01
        4        4       32      3.4677      2.9741        7.2214312258    0.1464152157E+01
        4        4       32      3.4677      2.9850        7.2192496620    0.1284434754E+01
        4        4       32      3.4677      2.9958        7.2171723924    0.1101755050E+01
        4        4       32      3.4677      3.0068        7.2151912370    0.9161772134E+00
        4        4       32      3.4677      3.0178        7.2133097193    0.7276703690E+00
        4        4       32      3.4677      3.0289        7.2115229819    0.5364239959E+00
        4        4       32      3.4677      3.0400        7.2098382302    0.3424404622E+00
        4        4       32      3.4677      3.0511        7.2082493373    0.1458874684E+00
        4        4       32      3.4677      3.0623        7.2067805148    0.5409278452E-01
        4        4       32      3.4677      3.0735        7.2054352313    0.2550698181E+00
        4        4       32      3.4677      3.0848        7.2042225273    0.4585313091E+00
        4        4       32      3.4677      3.0960        7.2031492696    0.6640609446E+00
        4        4       32      3.4677      3.1073        7.2022272738    0.8711161284E+00
        4        4       32      3.4677      3.1185        7.2014847287    0.1079288335E+01
        4        4       32      3.4677      3.1298        7.2009201705    0.1288243383E+01
        4        4       32      3.4677      3.1410        7.2005650410    0.1497751854E+01
        4        4       32      3.4677      3.1523        7.2004244014    0.1706768301E+01
        4        4       32      3.4677      3.1635        7.2005181098    0.1915011071E+01
        4        4       32      3.4677      3.1746        7.2008932450    0.2121838840E+01
        4        4       32      3.4677      3.1857        7.2015556072    0.2326614214E+01
        4        4       32      3.4677      3.1968        7.2025309035    0.2528287994E+01
        4        4       32      3.4677      3.2078        7.2038448980    0.2726059634E+01
        4        4       32      3.4677      3.2187        7.2055404863    0.2918707813E+01
        4        4       32      3.4677      3.2296        7.2076279107    0.3104985032E+01
        4        4       32      3.4677      3.2404        7.2101651971    0.3283868375E+01
        4        4       32      3.4677      3.2510        7.2131722232    0.3453522131E+01
        4        4       32      3.4677      3.2616        7.2166781717    0.3612609739E+01
        4        4       32      3.4677      3.2720        7.2207255121    0.3759598949E+01
        4        4       32      3.4677      3.2823        7.2253450892    0.3892505152E+01
        4        4       32      3.4677      3.2925        7.2305718690    0.4009708314E+01
        4        4       32      3.4677      3.3025        7.2364406792    0.4109083064E+01
        4        4       32      3.4677      3.3123        7.2429758045    0.4189025708E+01
        4        4       32      3.4677      3.3220        7.2501990329    0.4247467985E+01
        4        4       32      3.4677      3.3314        7.2581164438    0.4282698704E+01
        4        4       32      3.4677      3.3407        7.2667547565    0.4293308550E+01
        4        4       32      3.4677      3.3497        7.2761067000    0.4278241999E+01
        4        4       32      3.4677      3.3585        7.2861464785    0.4236944354E+01
        4        4       32      3.4677      3.3670        7.2968528289    0.4168971019E+01
        4        4       32      3.4677      3.3753        7.3081898172    0.4075194810E+01
        4        4       32      3.4677      3.3833        7.3201116763    0.3956768331E+01
        4        4       32      3.4677      3.3910        7.3325366016    0.3815635949E+01
        4        4       32      3.4677      3.3985        7.3453992659    0.3653957768E+01
        4        4       32      3.4677      3.4056        7.3586073787    0.1059577264E+02
        4        4       32      3.4677      3.4123        7.3621506153    0.1100709337E+02
        4        4       32      3.4677      3.4188        7.3583125420    0.1595260993E+02
        4        4       32      3.4677      3.4249        7.3548603906    0.1680508663E+02
        4        4       32      3.4677      3.4306        7.3517801760    0.1780256643E+02
        4        4       32      3.4677      3.4359        7.3490721541    0.1898202644E+02
        4        4       32      3.4677      3.4409        7.3467185186    0.2039484577E+02
        4        4       32      3.4677      3.4455        7.3447054554    0.2211327740E+02
        4        4       32      3.4677      3.4496        7.3430031909    0.2424034987E+02
        4        4       32      3.4677      3.4534        7.3415961869    0.2693184842E+02
        4        4       32      3.4677      3.4567        7.3404466900    0.3043067743E+02
        4        4       32      3.4677      3.4596        7.3395397278    0.3514518398E+02
        4        4       32      3.4677      3.4621        7.3388329280    0.4180657156E+02
        4        4       32      3.4677      3.4641        7.3383030681    0.5187714915E+02
        4        4       32      3.4677      3.4657        7.3379188464    0.6876969761E+02
        4        4       32      3.4677      3.4668        7.3376629504    0.1027245405E+03
        4        4       32      3.4677      3.4675        7.3375157080    0.2049304224E+03
        4        4       32      3.4677      3.4677        7.2861481211    0.3831139852E-05
        4        4       32      3.4677      3.4675        7.3936416984    0.2751164119E+03
        4        4       32      3.4677      3.4669        7.3941642868    0.1376966050E+03
        4        4       32      3.4677      3.4658        7.3950226244    0.9195519830E+02
        4        4       32      3.4677      3.4644        7.3961894781    0.6913724082E+02
        4        4       32      3.4677      3.4626        7.3976379277    0.5549260252E+02
        4        4       32      3.4677      3.4603        7.3993350716    0.4643675459E+02
        4        4       32      3.4677      3.4577        7.4012329429    0.4000561234E+02
        4        4       32      3.4677      3.4546        7.4032919184    0.3521576216E+02
        4        4       32      3.4677      3.4512        7.4054674222    0.3152014478E+02
        4        4       32      3.4677      3.4474        7.4077136327    0.2859008020E+02
        4        4       32      3.4677      3.4432        7.4098999943    0.1866414176E+02
        4        4       32      3.4677      3.4387        7.3878835597    0.3550851138E+01
        4        4       32      3.4677      3.4338        7.3643742849    0.4039812759E+01
        4        4       32      3.4677      3.4285        7.3394190864    0.4526903869E+01
        4        4       32      3.4677      3.4229        7.3130976381    0.5003722620E+01
        4        4       32      3.4677      3.4170        7.2854969621    0.5462400562E+01
        4        4       32      3.4677      3.4108        7.2658941727    0.4332330121E+01
        4        4       32      3.4677      3.4042        7.2639856543    0.1564423308E+01
        4        4       32      3.4677      3.3974        7.2619837299    0.1490779872E+01
        4        4       32      3.4677      3.3903        7.2598578660    0.1444542397E+01
        4        4       32      3.4677      3.3829        7.2575870658    0.1425487653E+01
        4        4       32      3.4677      3.3753        7.2551373163    0.1432262386E+01
        4        4       32      3.4677      3.3674        7.2524693115    0.1462760705E+01
        4        4       32      3.4677      3.3592        7.2495343256    0.1514927167E+01
        4        4       32      3.4677      3.3509        7.2462830707    0.1586912191E+01
        4        4       32      3.4677      3.3423        7.2426450039    0.1678020795E+01
        4        4       32      3.4677      3.3335        7.2385404309    0.1788642613E+01
        4        4       32      3.4677      3.3246        7.2338769984    0.1920449299E+01
        4        4       32      3.4677      3.3154        7.2285443580    0.2075970227E+01
        4        4       32      3.4677      3.3061        7.2224247186    0.2258560152E+01
        4        4       32      3.4677      3.2967        7.2153690671    0.2471977156E+01
        4        4       32      3.4677      3.2870        7.2072356482    0.2719610415E+01
        4        4       32      3.4677      3.2773        7.1978570919    0.3004596671E+01
        4        4       32      3.4677      3.2674        7.1870766779    0.3328475291E+01
        4        4       32      3.4677      3.2574        7.1747451895    0.3691408511E+01
        4        4       32      3.4677      3.2473        7.1607482873    0.4091645017E+01
        4        4       32      3.4677      3.2371        7.1449944969    0.4525797943E+01
        4        4       32      3.4677      3.2268        7.1274432699    0.4988602073E+01
        4        4       32      3.4677      3.2165        7.1080951479    0.5474145783E+01
        4        4       32      3.4677      3.2060        7.0870113641    0.5975848439E+01
        4        4       32      3.4677      3.1955        7.0642917532    0.6487553258E+01
        4        4       32      3.4677      3.1849        7.0400887746    0.7004076986E+01
        4        4       32      3.4677      3.1743        7.0145840001    0.7521627838E+01
        4        4       32      3.4677      3.1637        6.9880249086    0.8038291104E+01
        4        4       32      3.4677      3.1530        6.9607112826    0.8554539739E+01
        4        4       32      3.4677      3.1423        6.9330701929    0.9071975629E+01
        4        4       32      3.4677      3.1315        6.9058251462    0.9585072360E+01
        4        4       32      3.4677      3.1208        6.8805890070    0.1002209023E+02
        4        4       32      3.4677      3.1100        6.8616554483    0.9929902586E+01
        4        4       32      3.4677      3.0993        6.8559415522    0.8648349921E+01
        4        4       32      3.4677      3.0885        6.8616498649    0.7345107305E+01
        4        4       32      3.4677      3.0778        6.8724488913    0.6558368948E+01
        4        4       32      3.4677      3.0670        6.8855361577    0.6061345564E+01
        4        4       32      3.4677      3.0563        6.8998610113    0.5703130740E+01
        4        4       32      3.4677      3.0456        6.9149013333    0.5416429318E+01
        4        4       32      3.4677      3.0350        6.9303360362    0.5171942089E+01
        4        4       32      3.4677      3.0244        6.9459165733    0.4956747819E+01
        4        4       32      3.4677      3.0138        6.9614405133    0.4765965111E+01
        4        4       32      3.4677      3.0033        6.9767543888    0.4598291979E+01
        4        4       32      3.4677      2.9929        6.9917294689    0.4454326100E+01
        4        4       32      3.4677      2.9825        7.0062451873    0.4335230833E+01
        4        4       32      3.4677      2.9722        7.0202120890    0.4242103168E+01
        4        4       32      3.4677      2.9619        7.0473785763    0.3661675265E+01
        4        4       32      3.4677      2.9517        7.0867364253    0.3447281282E+01
        4        4       32      3.4677      2.9416        7.1255931088    0.3225672880E+01
        4        4       32      3.4677      2.9316        7.1637717128    0.3001325161E+01
        4        4       32      3.4677      2.9217        7.2010474707    0.2791880200E+01
        4        4       32      3.4677      2.9118        7.2371037917    0.2659781572E+01
        4        4       32      3.4677      2.9021        7.2713127415    0.2808226490E+01
        4        4       32      3.4677      2.8925        7.3022168564    0.3664208774E+01
        4        4       32      3.4677      2.8829        7.3274929259    0.5190628863E+01
        4        4       32      3.4677      2.8735        7.3471748716    0.6345706686E+01
        4        4       32      3.4677      2.8642        7.3644646671    0.4926813764E+01
        4        4       32      3.4677      2.8550        7.3702368050    0.9611607899E+00
        4        4       32      3.4677      2.8459        7.3754206673    0.1046236201E+01
        4        4       32      3.4677      2.8370        7.3805636405    0.1134794208E+01
        4        4       32      3.4677      2.8281        7.3856260780    0.1224115509E+01
        4        4       32      3.4677      2.8194        7.3905269863    0.1312003516E+01
        4        4       32      3.4677      2.8108        7.3951995866    0.1397210521E+01
        4        4       32      3.4677      2.8024        7.3995920376    0.1478466681E+01
        4        4       32      3.4677      2.7940        7.4036269045    0.1554676980E+01
        4        4       32      3.4677      2.7858        7.4072345999    0.1625158710E+01
        4        4       32      3.4677      2.7778        7.4103521549    0.1689144846E+01
        4        4       32      3.4677      2.7698        7.4129025641    0.1745914574E+01
        4        4       32      3.4677      2.7620        7.4147955608    0.1794792328E+01
        4        4       32      3.4677      2.7544        7.4159678347    0.1834808935E+01
        4        4       32      3.4677      2.7468        7.4163225585    0.1865167610E+01
        4        4       32      3.4677      2.7394        7.4157780710    0.1884611849E+01
        4        4       32      3.4677      2.7321        7.4142433160    0.1891942176E+01
        4        4       32      3.4677      2.7250        7.4116280400    0.1885361637E+01
        4        4       32      3.4677      2.7179        7.4078238999    0.1862994141E+01
        4        4       32      3.4677      2.7110        7.4027272406    0.1822167419E+01
        4        4       32      3.4677      2.7042        7.3962387615    0.1759522604E+01
        4        4       32      3.4677      2.6976        7.3882381123    0.1670600759E+01
        4        4       32      3.4677      2.6910        7.3786200423    0.1549335645E+01
        4        4       32      3.4677      2.6846        7.3672666996    0.1387191399E+01
        4        4       32      3.4677      2.6783        7.3540850803    0.1172148159E+01
        4        4       32      3.4677      2.6721        7.3390082712    0.8871160190E+00
        4        4       32      3.4677      2.6661        7.3220711896    0.5074700072E+00
        4        4       32      3.4677      2.6601        7.3034228996    0.3166292803E+01
