        4        4       51      3.4677      3.4677       11.2306481724    0.2968550516E-05
        4        4       51      3.4677      3.4677       11.2684731157    0.7686512865E+03
        4        4       51      3.4677      3.4676       11.2700414489    0.3825796611E+03
        4        4       51      3.4677      3.4674       11.2726374383    0.2532523014E+03
        4        4       51      3.4677      3.4672       11.2762166903    0.1882494795E+03
        4        4       51      3.4677      3.4669       11.2807415979    0.1490823632E+03
        4        4       51      3.4677      3.4665       11.2861566932    0.1229140496E+03
        4        4       51      3.4677      3.4661       11.2924227777    0.1042294848E+03
        4        4       51      3.4677      3.4656       11.2994954704    0.9025614972E+02
        4        4       51      3.4677      3.4650       11.3073401480    0.7944184105E+02
        4        4       51      3.4677      3.4644       11.3159159429    0.7084771679E+02
        4        4       51      3.4677      3.4637       11.3251845624    0.6387259933E+02
        4        4       51      3.4677      3.4630       11.3351107861    0.5811135023E+02
        4        4       51      3.4677      3.4621       11.3456643383    0.5328049767E+02
        4        4       51      3.4677      3.4613       11.3568059008    0.4917952391E+02
        4        4       51      3.4677      3.4603       11.3684941004    0.4566009530E+02
        4        4       51      3.4677      3.4593       11.3807081477    0.4260802490E+02
        4        4       51      3.4677      3.4582       11.3934108101    0.3993938684E+02
        4        4       51      3.4677      3.4571       11.4065701181    0.3758680529E+02
        4        4       51      3.4677      3.4559       11.4201573197    0.3549823877E+02
        4        4       51      3.4677      3.4546       11.4341391788    0.3363201375E+02
        4        4       51      3.4677      3.4533       11.4484878619    0.3195332929E+02
        4        4       51      3.4677      3.4519       11.4631632586    0.3043525064E+02
        4        4       51      3.4677      3.4505       11.4781514406    0.2905499477E+02
        4        4       51      3.4677      3.4489       11.4934073160    0.2779444342E+02
        4        4       51      3.4677      3.4474       11.5089128233    0.2663735830E+02
        4        4       51      3.4677      3.4458       11.5246430483    0.2557117748E+02
        4        4       51      3.4677      3.4441       11.5405643465    0.2458456405E+02
        4        4       51      3.4677      3.4423       11.5566428427    0.2366840939E+02
        4        4       51      3.4677      3.4405       11.5728605385    0.2281414426E+02
        4        4       51      3.4677      3.4387       11.5892018442    0.2201436596E+02
        4        4       51      3.4677      3.4367       11.6056289162    0.2126436548E+02
        4        4       51      3.4677      3.4348       11.6221270872    0.2055795184E+02
        4        4       51      3.4677      3.4327       11.6386621566    0.1989118341E+02
        4        4       51      3.4677      3.4306       11.6552255420    0.1925962721E+02
        4        4       51      3.4677      3.4285       11.6717795844    0.1865989446E+02
        4        4       51      3.4677      3.4263       11.6883313279    0.1808891222E+02
        4        4       51      3.4677      3.4241       11.7048339374    0.1754330382E+02
        4        4       51      3.4677      3.4218       11.7212695320    0.1702185007E+02
        4        4       51      3.4677      3.4194       11.7376251405    0.1652155893E+02
        4        4       51      3.4677      3.4170       11.7538835987    0.1604084470E+02
        4        4       51      3.4677      3.4146       11.7700163242    0.1557762501E+02
        4        4       51      3.4677      3.4121       11.7859957031    0.1513132472E+02
        4        4       51      3.4677      3.4095       11.8018180339    0.1469978894E+02
        4        4       51      3.4677      3.4069       11.8174502983    0.1428177977E+02
        4        4       51      3.4677      3.4042       11.8328808431    0.1387666752E+02
        4        4       51      3.4677      3.4015       11.8480884220    0.1348315246E+02
        4        4       51      3.4677      3.3988       11.8630623410    0.1310065588E+02
        4        4       51      3.4677      3.3960       11.8777782770    0.1272858050E+02
        4        4       51      3.4677      3.3932       11.8922241005    0.1236615380E+02
        4        4       51      3.4677      3.3903       11.9063788053    0.1201278591E+02
        4        4       51      3.4677      3.3932       11.8922241005    0.1236615380E+02
        4        4       51      3.4677      3.3960       11.8777782770    0.1272858050E+02
        4        4       51      3.4677      3.3988       11.8630623410    0.1310065588E+02
        4        4       51      3.4677      3.4015       11.8480884220    0.1348315246E+02
        4        4       51      3.4677      3.4042       11.8328808431    0.1387666752E+02
        4        4       51      3.4677      3.4069       11.8174502983    0.1428177977E+02
        4        4       51      3.4677      3.4095       11.8018180339    0.1469978894E+02
        4        4       51      3.4677      3.4121       11.7859957031    0.1513132472E+02
        4        4       51      3.4677      3.4146       11.7700163242    0.1557762501E+02
        4        4       51      3.4677      3.4170       11.7538835987    0.1604084470E+02
        4        4       51      3.4677      3.4194       11.7376251405    0.1652155893E+02
        4        4       51      3.4677      3.4218       11.7212695320    0.1702185007E+02
        4        4       51      3.4677      3.4241       11.7048339374    0.1754330382E+02
        4        4       51      3.4677      3.4263       11.6883313279    0.1808891222E+02
        4        4       51      3.4677      3.4285       11.6717795844    0.1865989446E+02
        4        4       51      3.4677      3.4306       11.6552255420    0.1925962721E+02
        4        4       51      3.4677      3.4327       11.6386621566    0.1989118341E+02
        4        4       51      3.4677      3.4348       11.6221270872    0.2055795184E+02
        4        4       51      3.4677      3.4367       11.6056289162    0.2126436548E+02
        4        4       51      3.4677      3.4387       11.5892018442    0.2201436596E+02
        4        4       51      3.4677      3.4405       11.5728605385    0.2281414426E+02
        4        4       51      3.4677      3.4423       11.5566428427    0.2366840939E+02
        4        4       51      3.4677      3.4441       11.5405643465    0.2458456405E+02
        4        4       51      3.4677      3.4458       11.5246430483    0.2557117748E+02
        4        4       51      3.4677      3.4474       11.5089128233    0.2663735830E+02
        4        4       51      3.4677      3.4489       11.4934073160    0.2779444342E+02
        4        4       51      3.4677      3.4505       11.4781514406    0.2905499477E+02
        4        4       51      3.4677      3.4519       11.4631632586    0.3043525064E+02
        4        4       51      3.4677      3.4533       11.4484878619    0.3195332929E+02
        4        4       51      3.4677      3.4546       11.4341391788    0.3363201375E+02
        4        4       51      3.4677      3.4559       11.4201573197    0.3549823877E+02
        4        4       51      3.4677      3.4571       11.4065701181    0.3758680529E+02
        4        4       51      3.4677      3.4582       11.3934108101    0.3993938684E+02
        4        4       51      3.4677      3.4593       11.3807081477    0.4260802490E+02
        4        4       51      3.4677      3.4603       11.3684941004    0.4566009530E+02
        4        4       51      3.4677      3.4613       11.3568059008    0.4917952391E+02
        4        4       51      3.4677      3.4621       11.3456643383    0.5328049767E+02
        4        4       51      3.4677      3.4630       11.3351107861    0.5811135023E+02
        4        4       51      3.4677      3.4637       11.3251845624    0.6387259933E+02
        4        4       51      3.4677      3.4644       11.3159159429    0.7084771679E+02
        4        4       51      3.4677      3.4650       11.3073401480    0.7944184105E+02
        4        4       51      3.4677      3.4656       11.2994954704    0.9025614972E+02
        4        4       51      3.4677      3.4661       11.2924227777    0.1042294848E+03
        4        4       51      3.4677      3.4665       11.2861566932    0.1229140496E+03
        4        4       51      3.4677      3.4669       11.2807415979    0.1490823632E+03
        4        4       51      3.4677      3.4672       11.2762166903    0.1882494795E+03
        4        4       51      3.4677      3.4674       11.2726374383    0.2532523014E+03
        4        4       51      3.4677      3.4676       11.2700414489    0.3825796611E+03
        4        4       51      3.4677      3.4677       11.2684731157    0.7686512865E+03
        4        4       51      3.4677      3.4677       11.2306481724    0.2968550516E-05
        4        4       51      3.4677      3.4677       11.2310413516    0.2130029802E-01
        4        4       51      3.4677      3.4676       11.2322125709    0.4363071708E-01
        4        4       51      3.4677      3.4675       11.2341091298    0.6802783372E-01
        4        4       51      3.4677      3.4674       11.2366937324    0.9568096682E-01
        4        4       51      3.4677      3.4672       11.2399208044    0.1283095457E+00
        4        4       51      3.4677      3.4670       11.2438004544    0.1690681527E+00
        4        4       51      3.4677      3.4667       11.2483812182    0.2243353525E+00
        4        4       51      3.4677      3.4664       11.2537843546    0.3064905957E+00
        4        4       51      3.4677      3.4661       11.2602726217    0.4363458337E+00
        4        4       51      3.4677      3.4657       11.2682477520    0.6392712191E+00
        4        4       51      3.4677      3.4653       11.2782231838    0.9266769020E+00
        4        4       51      3.4677      3.4648       11.2905732697    0.1274051449E+01
        4        4       51      3.4677      3.4643       11.3053013961    0.1635660764E+01
        4        4       51      3.4677      3.4638       11.3219876198    0.1982039725E+01
        4        4       51      3.4677      3.4632       11.3401953012    0.2307976467E+01
        4        4       51      3.4677      3.4626       11.3595668117    0.2617171564E+01
        4        4       51      3.4677      3.4619       11.3798496219    0.2913911044E+01
        4        4       51      3.4677      3.4613       11.4008510308    0.3201366800E+01
        4        4       51      3.4677      3.4605       11.4224407336    0.3481378843E+01
        4        4       51      3.4677      3.4598       11.4445029556    0.3754797881E+01
        4        4       51      3.4677      3.4590       11.4669511069    0.4022077708E+01
        4        4       51      3.4677      3.4581       11.4897161165    0.2196373232E+02
        4        4       51      3.4677      3.4572       11.5020610039    0.3092407565E+02
        4        4       51      3.4677      3.4563       11.5082310104    0.3109075789E+02
        4        4       51      3.4677      3.4554       11.5146603491    0.3126383375E+02
        4        4       51      3.4677      3.4544       11.5213744121    0.3144428875E+02
        4        4       51      3.4677      3.4534       11.5283821550    0.3163248777E+02
        4        4       51      3.4677      3.4523       11.5357219956    0.3182915273E+02
        4        4       51      3.4677      3.4512       11.5434174450    0.3203461910E+02
        4        4       51      3.4677      3.4501       11.5515015466    0.3224888153E+02
        4        4       51      3.4677      3.4489       11.5600118778    0.3247244207E+02
        4        4       51      3.4677      3.4477       11.5689856007    0.3270450388E+02
        4        4       51      3.4677      3.4465       11.5784637277    0.3294477387E+02
        4        4       51      3.4677      3.4452       11.5884869294    0.3319301845E+02
        4        4       51      3.4677      3.4439       11.5991020375    0.3344719570E+02
        4        4       51      3.4677      3.4426       11.6103599032    0.3370814851E+02
        4        4       51      3.4677      3.4412       11.6222981974    0.3397442584E+02
        4        4       51      3.4677      3.4398       11.6349446258    0.3424542512E+02
        4        4       51      3.4677      3.4384       11.6483318855    0.3452056515E+02
        4        4       51      3.4677      3.4369       11.6624745903    0.3480106618E+02
        4        4       51      3.4677      3.4354       11.6773737082    0.3508871262E+02
        4        4       51      3.4677      3.4339       11.6930136842    0.3538630322E+02
        4        4       51      3.4677      3.4324       11.7093632346    0.3569958377E+02
        4        4       51      3.4677      3.4308       11.7263780604    0.3603437457E+02
        4        4       51      3.4677      3.4292       11.7439671236    0.3640014150E+02
        4        4       51      3.4677      3.4276       11.7620543185    0.3680688587E+02
        4        4       51      3.4677      3.4259       11.7805261601    0.3726597084E+02
        4        4       51      3.4677      3.4242       11.7992600616    0.3778985083E+02
        4        4       51      3.4677      3.4225       11.8181222744    0.3839067257E+02
        4        4       51      3.4677      3.4207       11.8369550982    0.3907987985E+02
        4        4       51      3.4677      3.4225       11.8181222744    0.3839067257E+02
        4        4       51      3.4677      3.4242       11.7992600616    0.3778985083E+02
        4        4       51      3.4677      3.4259       11.7805261601    0.3726597084E+02
        4        4       51      3.4677      3.4276       11.7620543185    0.3680688587E+02
        4        4       51      3.4677      3.4292       11.7439671236    0.3640014150E+02
        4        4       51      3.4677      3.4308       11.7263780604    0.3603437457E+02
        4        4       51      3.4677      3.4324       11.7093632346    0.3569958377E+02
        4        4       51      3.4677      3.4339       11.6930136842    0.3538630322E+02
        4        4       51      3.4677      3.4354       11.6773737082    0.3508871262E+02
        4        4       51      3.4677      3.4369       11.6624745903    0.3480106618E+02
        4        4       51      3.4677      3.4384       11.6483318855    0.3452056515E+02
        4        4       51      3.4677      3.4398       11.6349446258    0.3424542512E+02
        4        4       51      3.4677      3.4412       11.6222981974    0.3397442584E+02
        4        4       51      3.4677      3.4426       11.6103599032    0.3370814851E+02
        4        4       51      3.4677      3.4439       11.5991020375    0.3344719570E+02
        4        4       51      3.4677      3.4452       11.5884869294    0.3319301845E+02
        4        4       51      3.4677      3.4465       11.5784637277    0.3294477387E+02
        4        4       51      3.4677      3.4477       11.5689856007    0.3270450388E+02
        4        4       51      3.4677      3.4489       11.5600118778    0.3247244207E+02
        4        4       51      3.4677      3.4501       11.5515015466    0.3224888153E+02
        4        4       51      3.4677      3.4512       11.5434174450    0.3203461910E+02
        4        4       51      3.4677      3.4523       11.5357219956    0.3182915273E+02
        4        4       51      3.4677      3.4534       11.5283821550    0.3163248777E+02
        4        4       51      3.4677      3.4544       11.5213744121    0.3144428875E+02
        4        4       51      3.4677      3.4554       11.5146603491    0.3126383375E+02
        4        4       51      3.4677      3.4563       11.5082310104    0.3109075789E+02
        4        4       51      3.4677      3.4572       11.5020610039    0.3092407565E+02
        4        4       51      3.4677      3.4581       11.4897161165    0.2196373232E+02
        4        4       51      3.4677      3.4590       11.4669511069    0.4022077708E+01
        4        4       51      3.4677      3.4598       11.4445029556    0.3754797881E+01
        4        4       51      3.4677      3.4605       11.4224407336    0.3481378843E+01
        4        4       51      3.4677      3.4613       11.4008510308    0.3201366800E+01
        4        4       51      3.4677      3.4619       11.3798496219    0.2913911044E+01
        4        4       51      3.4677      3.4626       11.3595668117    0.2617171564E+01
        4        4       51      3.4677      3.4632       11.3401953012    0.2307976467E+01
        4        4       51      3.4677      3.4638       11.3219876198    0.1982039725E+01
        4        4       51      3.4677      3.4643       11.3053013961    0.1635660764E+01
        4        4       51      3.4677      3.4648       11.2905732697    0.1274051449E+01
        4        4       51      3.4677      3.4653       11.2782231838    0.9266769020E+00
        4        4       51      3.4677      3.4657       11.2682477520    0.6392712191E+00
        4        4       51      3.4677      3.4661       11.2602726217    0.4363458337E+00
        4        4       51      3.4677      3.4664       11.2537843546    0.3064905957E+00
        4        4       51      3.4677      3.4667       11.2483812182    0.2243353525E+00
        4        4       51      3.4677      3.4670       11.2438004544    0.1690681527E+00
        4        4       51      3.4677      3.4672       11.2399208044    0.1283095457E+00
        4        4       51      3.4677      3.4674       11.2366937324    0.9568096682E-01
        4        4       51      3.4677      3.4675       11.2341091298    0.6802783372E-01
        4        4       51      3.4677      3.4676       11.2322125709    0.4363071708E-01
        4        4       51      3.4677      3.4677       11.2310413516    0.2130029802E-01
        4        4       51      3.4677      3.4677       11.2306481724    0.2968550516E-05
        4        4       51      3.4677      3.4677       11.3021256773    0.8617997424E-01
        4        4       51      3.4677      3.4676       11.3055605799    0.1759919050E+00
        4        4       51      3.4677      3.4674       11.3111547570    0.2731726217E+00
        4        4       51      3.4677      3.4671       11.3186578193    0.3812811488E+00
        4        4       51      3.4677      3.4668       11.3278690762    0.5031246266E+00
        4        4       51      3.4677      3.4664       11.3386014205    0.6404559522E+00
        4        4       51      3.4677      3.4659       11.3507152246    0.7940390982E+00
        4        4       51      3.4677      3.4654       11.3640630155    0.9637416855E+00
        4        4       51      3.4677      3.4648       11.3785394513    0.1148846461E+01
        4        4       51      3.4677      3.4641       11.3940348625    0.1348102273E+01
        4        4       51      3.4677      3.4633       11.4104371760    0.1560104520E+01
        4        4       51      3.4677      3.4625       11.4276923469    0.1783313497E+01
        4        4       51      3.4677      3.4616       11.4457019910    0.2881227382E+02
        4        4       51      3.4677      3.4606       11.4556748786    0.2859776595E+02
        4        4       51      3.4677      3.4596       11.4606960068    0.4002260725E+02
        4        4       51      3.4677      3.4585       11.4662114971    0.3962192572E+02
        4        4       51      3.4677      3.4573       11.4722469699    0.3917623889E+02
        4        4       51      3.4677      3.4561       11.4788422461    0.3868472921E+02
        4        4       51      3.4677      3.4548       11.4859908495    0.3814714850E+02
        4        4       51      3.4677      3.4534       11.4937286863    0.3756468984E+02
        4        4       51      3.4677      3.4519       11.5020494965    0.3694021665E+02
        4        4       51      3.4677      3.4504       11.5109819245    0.3627697995E+02
        4        4       51      3.4677      3.4488       11.5205129845    0.3558025861E+02
        4        4       51      3.4677      3.4472       11.5306426739    0.3485506024E+02
        4        4       51      3.4677      3.4455       11.5413654050    0.3410836050E+02
        4        4       51      3.4677      3.4437       11.5526658856    0.3334673526E+02
        4        4       51      3.4677      3.4418       11.5645259812    0.3257605618E+02
        4        4       51      3.4677      3.4399       11.5769202844    0.3180313961E+02
        4        4       51      3.4677      3.4380       11.5898268917    0.3103442468E+02
        4        4       51      3.4677      3.4359       11.6032032730    0.3027428393E+02
        4        4       51      3.4677      3.4338       11.6170309145    0.2952760876E+02
        4        4       51      3.4677      3.4317       11.6312650227    0.2879795950E+02
        4        4       51      3.4677      3.4295       11.6458707918    0.2808829730E+02
        4        4       51      3.4677      3.4272       11.6608244229    0.2740129183E+02
        4        4       51      3.4677      3.4249       11.6760891040    0.2673844184E+02
        4        4       51      3.4677      3.4225       11.6916358905    0.2610058938E+02
        4        4       51      3.4677      3.4200       11.7074319594    0.2548815266E+02
        4        4       51      3.4677      3.4175       11.7234463749    0.2490242938E+02
        4        4       51      3.4677      3.4150       11.7396526973    0.2434254322E+02
        4        4       51      3.4677      3.4123       11.7560098701    0.2380822859E+02
        4        4       51      3.4677      3.4097       11.7725021319    0.2329923969E+02
        4        4       51      3.4677      3.4069       11.7890993915    0.2281549048E+02
        4        4       51      3.4677      3.4042       11.8057790601    0.2235628380E+02
        4        4       51      3.4677      3.4013       11.8225186309    0.2192098374E+02
        4        4       51      3.4677      3.3985       11.8393001441    0.2150953158E+02
        4        4       51      3.4677      3.3955       11.8560765643    0.2112130556E+02
        4        4       51      3.4677      3.3925       11.8728447746    0.2075530962E+02
        4        4       51      3.4677      3.3895       11.8895872952    0.2041167140E+02
        4        4       51      3.4677      3.3864       11.9062521344    0.2009012382E+02
        4        4       51      3.4677      3.3833       11.9228334887    0.1979062920E+02
        4        4       51      3.4677      3.3864       11.9062521344    0.2009012382E+02
        4        4       51      3.4677      3.3895       11.8895872952    0.2041167140E+02
        4        4       51      3.4677      3.3925       11.8728447746    0.2075530962E+02
        4        4       51      3.4677      3.3955       11.8560765643    0.2112130556E+02
        4        4       51      3.4677      3.3985       11.8393001441    0.2150953158E+02
        4        4       51      3.4677      3.4013       11.8225186309    0.2192098374E+02
        4        4       51      3.4677      3.4042       11.8057790601    0.2235628380E+02
        4        4       51      3.4677      3.4069       11.7890993915    0.2281549048E+02
        4        4       51      3.4677      3.4097       11.7725021319    0.2329923969E+02
        4        4       51      3.4677      3.4123       11.7560098701    0.2380822859E+02
        4        4       51      3.4677      3.4150       11.7396526973    0.2434254322E+02
        4        4       51      3.4677      3.4175       11.7234463749    0.2490242938E+02
        4        4       51      3.4677      3.4200       11.7074319594    0.2548815266E+02
        4        4       51      3.4677      3.4225       11.6916358905    0.2610058938E+02
        4        4       51      3.4677      3.4249       11.6760891040    0.2673844184E+02
        4        4       51      3.4677      3.4272       11.6608244229    0.2740129183E+02
        4        4       51      3.4677      3.4295       11.6458707918    0.2808829730E+02
        4        4       51      3.4677      3.4317       11.6312650227    0.2879795950E+02
        4        4       51      3.4677      3.4338       11.6170309145    0.2952760876E+02
        4        4       51      3.4677      3.4359       11.6032032730    0.3027428393E+02
        4        4       51      3.4677      3.4380       11.5898268917    0.3103442468E+02
        4        4       51      3.4677      3.4399       11.5769202844    0.3180313961E+02
        4        4       51      3.4677      3.4418       11.5645259812    0.3257605618E+02
        4        4       51      3.4677      3.4437       11.5526658856    0.3334673526E+02
        4        4       51      3.4677      3.4455       11.5413654050    0.3410836050E+02
        4        4       51      3.4677      3.4472       11.5306426739    0.3485506024E+02
        4        4       51      3.4677      3.4488       11.5205129845    0.3558025861E+02
        4        4       51      3.4677      3.4504       11.5109819245    0.3627697995E+02
        4        4       51      3.4677      3.4519       11.5020494965    0.3694021665E+02
        4        4       51      3.4677      3.4534       11.4937286863    0.3756468984E+02
        4        4       51      3.4677      3.4548       11.4859908495    0.3814714850E+02
        4        4       51      3.4677      3.4561       11.4788422461    0.3868472921E+02
        4        4       51      3.4677      3.4573       11.4722469699    0.3917623889E+02
        4        4       51      3.4677      3.4585       11.4662114971    0.3962192572E+02
        4        4       51      3.4677      3.4596       11.4606960068    0.4002260725E+02
        4        4       51      3.4677      3.4606       11.4556748786    0.2859776595E+02
        4        4       51      3.4677      3.4616       11.4457019910    0.2881227382E+02
        4        4       51      3.4677      3.4625       11.4276923469    0.1783313497E+01
        4        4       51      3.4677      3.4633       11.4104371760    0.1560104520E+01
        4        4       51      3.4677      3.4641       11.3940348625    0.1348102273E+01
        4        4       51      3.4677      3.4648       11.3785394513    0.1148846461E+01
        4        4       51      3.4677      3.4654       11.3640630155    0.9637416855E+00
        4        4       51      3.4677      3.4659       11.3507152246    0.7940390982E+00
        4        4       51      3.4677      3.4664       11.3386014205    0.6404559522E+00
        4        4       51      3.4677      3.4668       11.3278690762    0.5031246266E+00
        4        4       51      3.4677      3.4671       11.3186578193    0.3812811488E+00
        4        4       51      3.4677      3.4674       11.3111547570    0.2731726217E+00
        4        4       51      3.4677      3.4676       11.3055605799    0.1759919050E+00
        4        4       51      3.4677      3.4677       11.3021256773    0.8617997424E-01
        4        4       51      3.4677      3.4677       11.2306481724    0.2968550516E-05
        4        4       51      3.4677      3.4676       11.2333298876    0.5873163641E-01
        4        4       51      3.4677      3.4671       11.2408779660    0.1380625950E+00
        4        4       51      3.4677      3.4664       11.2531700087    0.2960238687E+00
        4        4       51      3.4677      3.4655       11.2732184290    0.7805800836E+00
        4        4       51      3.4677      3.4642       11.3078177637    0.1691708665E+01
        4        4       51      3.4677      3.4627       11.3554115976    0.2553259518E+01
        4        4       51      3.4677      3.4610       11.4098748811    0.3320132988E+01
        4        4       51      3.4677      3.4589       11.4681428965    0.4035972460E+01
        4        4       51      3.4677      3.4566       11.5062569197    0.3103741313E+02
        4        4       51      3.4677      3.4541       11.5235558165    0.3150285957E+02
        4        4       51      3.4677      3.4513       11.5430029160    0.3202358623E+02
        4        4       51      3.4677      3.4482       11.5651482371    0.3260579059E+02
        4        4       51      3.4677      3.4449       11.5906721996    0.3324613658E+02
        4        4       51      3.4677      3.4414       11.6203669566    0.3393213681E+02
        4        4       51      3.4677      3.4377       11.6549376315    0.3465264820E+02
        4        4       51      3.4677      3.4338       11.6947021167    0.3541841755E+02
        4        4       51      3.4677      3.4296       11.7392861081    0.3630034417E+02
        4        4       51      3.4677      3.4253       11.7874053052    0.3745098736E+02
        4        4       51      3.4677      3.4207       11.8369550982    0.3907987985E+02
        4        4       51      3.4677      3.4160       11.8851246957    0.4137433596E+02
        4        4       51      3.4677      3.4111       11.9286435090    0.3303633922E+02
        4        4       51      3.4677      3.4061       11.9764771887    0.1552654790E+02
        4        4       51      3.4677      3.4009       12.0261040703    0.1626540776E+02
        4        4       51      3.4677      3.3956       12.0732860440    0.1694648674E+02
        4        4       51      3.4677      3.3901       12.1178871204    0.1756835891E+02
        4        4       51      3.4677      3.3845       12.1598718961    0.1813123344E+02
        4        4       51      3.4677      3.3788       12.1992055897    0.1863649679E+02
        4        4       51      3.4677      3.3730       12.2359477538    0.1908708505E+02
        4        4       51      3.4677      3.3671       12.2701452634    0.1948641706E+02
        4        4       51      3.4677      3.3612       12.3019079913    0.1983867637E+02
        4        4       51      3.4677      3.3551       12.3313062604    0.2014802990E+02
        4        4       51      3.4677      3.3490       12.3584534961    0.2041826453E+02
        4        4       51      3.4677      3.3429       12.3834198895    0.2065308745E+02
        4        4       51      3.4677      3.3367       12.4063036491    0.2085573344E+02
        4        4       51      3.4677      3.3304       12.4272079347    0.2102889846E+02
        4        4       51      3.4677      3.3241       12.4461649071    0.2117529041E+02
        4        4       51      3.4677      3.3178       12.4632759577    0.2129677135E+02
        4        4       51      3.4677      3.3115       12.4785727509    0.2139539362E+02
        4        4       51      3.4677      3.3052       12.4921169200    0.2147263891E+02
        4        4       51      3.4677      3.2989       12.5039474525    0.2152988418E+02
        4        4       51      3.4677      3.2926       12.5141284650    0.2156839042E+02
        4        4       51      3.4677      3.2864       12.5226853137    0.2158911752E+02
        4        4       51      3.4677      3.2801       12.5296555303    0.2159302107E+02
        4        4       51      3.4677      3.2739       12.5350174496    0.2158067102E+02
        4        4       51      3.4677      3.2677       12.5388489682    0.2155280037E+02
        4        4       51      3.4677      3.2615       12.5411288325    0.2150984620E+02
        4        4       51      3.4677      3.2554       12.5418716624    0.2145247286E+02
        4        4       51      3.4677      3.2493       12.5411075716    0.2138102759E+02
        4        4       51      3.4677      3.2432       12.5388087604    0.2129565820E+02
        4        4       51      3.4677      3.2372       12.5349895097    0.2119668942E+02
        4        4       51      3.4677      3.2313       12.5296247720    0.2108417086E+02
        4        4       51      3.4677      3.2254       12.5227151488    0.2095817301E+02
        4        4       51      3.4677      3.2195       12.5142232980    0.2081871429E+02
        4        4       51      3.4677      3.2137       12.5041393080    0.2066572268E+02
        4        4       51      3.4677      3.2079       12.4924161119    0.2049895593E+02
        4        4       51      3.4677      3.2022       12.4790563222    0.2031828381E+02
        4        4       51      3.4677      3.1966       12.4639917288    0.2012330237E+02
        4        4       51      3.4677      3.1910       12.4471939722    0.1991358940E+02
        4        4       51      3.4677      3.1855       12.4286078746    0.1968858373E+02
        4        4       51      3.4677      3.1800       12.4082129073    0.1944767097E+02
        4        4       51      3.4677      3.1745       12.3859343870    0.1919008198E+02
        4        4       51      3.4677      3.1691       12.3617112815    0.1891476190E+02
        4        4       51      3.4677      3.1638       12.3354830845    0.1862080415E+02
        4        4       51      3.4677      3.1585       12.3071952165    0.1830686927E+02
        4        4       51      3.4677      3.1532       12.2768015533    0.1797148955E+02
        4        4       51      3.4677      3.1480       12.2442412930    0.1761309985E+02
        4        4       51      3.4677      3.1428       12.2094707673    0.1722976679E+02
        4        4       51      3.4677      3.1376       12.1724586192    0.1681947030E+02
        4        4       51      3.4677      3.1325       12.1331766912    0.1637969024E+02
        4        4       51      3.4677      3.1275       12.0916370318    0.1590770420E+02
        4        4       51      3.4677      3.1225       12.0478738506    0.1540024529E+02
        4        4       51      3.4677      3.1175       12.0019408884    0.1485396865E+02
        4        4       51      3.4677      3.1125       11.9539801614    0.1426493408E+02
        4        4       51      3.4677      3.1076       11.9041669439    0.1362899419E+02
        4        4       51      3.4677      3.1027       11.8527917178    0.1294177144E+02
        4        4       51      3.4677      3.0978       11.8002279974    0.1219909867E+02
        4        4       51      3.4677      3.0930       11.7469728709    0.1139757032E+02
        4        4       51      3.4677      3.0882       11.6936321441    0.1053532207E+02
        4        4       51      3.4677      3.0835       11.6409411132    0.9613761810E+01
        4        4       51      3.4677      3.0787       11.5897630249    0.8639507346E+01
        4        4       51      3.4677      3.0740       11.5409681211    0.7625957352E+01
        4        4       51      3.4677      3.0694       11.4954221856    0.6594759552E+01
        4        4       51      3.4677      3.0647       11.4550387095    0.4154067682E+01
        4        4       51      3.4677      3.0602       11.4553430102    0.1864217369E+01
        4        4       51      3.4677      3.0556       11.4563512822    0.1850349104E+01
        4        4       51      3.4677      3.0511       11.4579474386    0.1820714067E+01
        4        4       51      3.4677      3.0466       11.4601111861    0.1781521246E+01
        4        4       51      3.4677      3.0422       11.4627982769    0.1738046696E+01
        4        4       51      3.4677      3.0378       11.4660241729    0.1694633599E+01
        4        4       51      3.4677      3.0334       11.4698031890    0.1655087083E+01
        4        4       51      3.4677      3.0291       11.4741837622    0.1623246892E+01
        4        4       51      3.4677      3.0249       11.4792129787    0.1602938277E+01
        4        4       51      3.4677      3.0207       11.4849549027    0.1598329354E+01
        4        4       51      3.4677      3.0165       11.4915135180    0.1613859788E+01
        4        4       51      3.4677      3.0124       11.4989693470    0.1169711952E+01
        4        4       51      3.4677      3.0161       11.4954767761    0.1674260898E+01
        4        4       51      3.4677      3.0194       11.4997809296    0.1695051682E+01
        4        4       51      3.4677      3.0224       11.5113939964    0.1736964347E+01
        4        4       51      3.4677      3.0250       11.5297052068    0.1823088767E+01
        4        4       51      3.4677      3.0272       11.5540610029    0.1974141877E+01
        4        4       51      3.4677      3.0291       11.5838303717    0.2201802698E+01
        4        4       51      3.4677      3.0306       11.6183138106    0.2507544545E+01
        4        4       51      3.4677      3.0317       11.6568616095    0.2885557973E+01
        4        4       51      3.4677      3.0325       11.6988249132    0.3327138537E+01
        4        4       51      3.4677      3.0329       11.7435481371    0.3822963172E+01
        4        4       51      3.4677      3.0329       11.7903931524    0.4364161021E+01
        4        4       51      3.4677      3.0326       11.8387835297    0.4941969143E+01
        4        4       51      3.4677      3.0319       11.8881850698    0.5547688347E+01
        4        4       51      3.4677      3.0309       11.9380920514    0.6172042316E+01
        4        4       51      3.4677      3.0295       11.9880502304    0.6805649775E+01
        4        4       51      3.4677      3.0278       12.0377318444    0.7438691825E+01
        4        4       51      3.4677      3.0258       12.0868014053    0.8060907805E+01
        4        4       51      3.4677      3.0234       12.1350638428    0.8660780359E+01
        4        4       51      3.4677      3.0207       12.1823820563    0.9225922514E+01
        4        4       51      3.4677      3.0178       12.2287272478    0.9741336037E+01
        4        4       51      3.4677      3.0145       12.2741689266    0.1018646420E+02
        4        4       51      3.4677      3.0110       12.3189421176    0.1053372169E+02
        4        4       51      3.4677      3.0072       12.3634063967    0.1074370231E+02
        4        4       51      3.4677      3.0031       12.4081327661    0.1076153800E+02
        4        4       51      3.4677      2.9988       12.4539182466    0.1051662737E+02
        4        4       51      3.4677      2.9943       12.5017764770    0.9941527600E+01
        4        4       51      3.4677      2.9895       12.5525756363    0.9014045298E+01
        4        4       51      3.4677      2.9846       12.6066978708    0.7810999899E+01
        4        4       51      3.4677      2.9794       12.6635589624    0.6494679394E+01
        4        4       51      3.4677      2.9741       12.7218388714    0.5224225761E+01
        4        4       51      3.4677      2.9687       12.7799541124    0.4086051097E+01
        4        4       51      3.4677      2.9631       12.8364512011    0.3096730382E+01
        4        4       51      3.4677      2.9574       12.8901876130    0.2238803355E+01
        4        4       51      3.4677      2.9515       12.9403809962    0.1485626579E+01
        4        4       51      3.4677      2.9456       12.9865498484    0.8233766733E+00
        4        4       51      3.4677      2.9396       13.0285259663    0.3074539478E+00
        4        4       51      3.4677      2.9335       13.0663408783    0.4670067641E+00
        4        4       51      3.4677      2.9274       13.1002683383    0.9260046361E+00
        4        4       51      3.4677      2.9213       13.1306706205    0.1360815446E+01
        4        4       51      3.4677      2.9151       13.1579974729    0.1752159644E+01
        4        4       51      3.4677      2.9089       13.1826955699    0.2102098655E+01
        4        4       51      3.4677      2.9027       13.2051791396    0.2415532836E+01
        4        4       51      3.4677      2.8966       13.2257940736    0.2699322896E+01
        4        4       51      3.4677      2.8904       13.2448693095    0.2959937825E+01
        4        4       51      3.4677      2.8843       13.2626422127    0.3203361467E+01
        4        4       51      3.4677      2.8783       13.2793234813    0.3435846642E+01
        4        4       51      3.4677      2.8723       13.2950394450    0.3662906874E+01
        4        4       51      3.4677      2.8664       13.3099277287    0.3890302264E+01
        4        4       51      3.4677      2.8605       13.3240279755    0.4122972295E+01
        4        4       51      3.4677      2.8547       13.3373799544    0.4365966724E+01
        4        4       51      3.4677      2.8490       13.3499810430    0.4624772006E+01
        4        4       51      3.4677      2.8434       13.3617842900    0.4904968072E+01
        4        4       51      3.4677      2.8379       13.3726963919    0.5210690590E+01
        4        4       51      3.4677      2.8325       13.3825907683    0.5545808177E+01
        4        4       51      3.4677      2.8272       13.3912882801    0.5908760261E+01
        4        4       51      3.4677      2.8220       13.3986898022    0.6286185406E+01
        4        4       51      3.4677      2.8169       13.4048623471    0.6634762273E+01
        4        4       51      3.4677      2.8119       13.4103796710    0.6845557819E+01
        4        4       51      3.4677      2.8070       13.4168848126    0.6709137087E+01
        4        4       51      3.4677      2.8022       13.4268508298    0.6069112651E+01
        4        4       51      3.4677      2.7975       13.4414723772    0.5147743267E+01
        4        4       51      3.4677      2.7929       13.4596806574    0.4293718582E+01
        4        4       51      3.4677      2.7884       13.4798148095    0.3623198541E+01
        4        4       51      3.4677      2.7840       13.5008170420    0.3114307151E+01
        4        4       51      3.4677      2.7797       13.5220722135    0.2724597425E+01
        4        4       51      3.4677      2.7755       13.5432729625    0.2420197238E+01
        4        4       51      3.4677      2.7713       13.5642202748    0.2178318676E+01
        4        4       51      3.4677      2.7673       13.5847836372    0.1983264160E+01
        4        4       51      3.4677      2.7633       13.6048893383    0.1823995572E+01
        4        4       51      3.4677      2.7593       13.6244597007    0.1693042666E+01
        4        4       51      3.4677      2.7554       13.6434645805    0.1584358904E+01
        4        4       51      3.4677      2.7516       13.6618491745    0.1493436234E+01
        4        4       51      3.4677      2.7478       13.6795572373    0.1417016143E+01
        4        4       51      3.4677      2.7441       13.6965719647    0.1351715944E+01
        4        4       51      3.4677      2.7404       13.7128511483    0.1294983113E+01
        4        4       51      3.4677      2.7367       13.7283892265    0.1244641423E+01
        4        4       51      3.4677      2.7330       13.7431381978    0.1198510305E+01
        4        4       51      3.4677      2.7293       13.7571277370    0.1154695450E+01
        4        4       51      3.4677      2.7257       13.7703316902    0.1111794848E+01
        4        4       51      3.4677      2.7220       13.7827750542    0.1068543021E+01
        4        4       51      3.4677      2.7183       13.7944952859    0.1023976523E+01
        4        4       51      3.4677      2.7146       13.8054681380    0.9777574667E+00
        4        4       51      3.4677      2.7108       13.8157707278    0.9297706899E+00
        4        4       51      3.4677      2.7070       13.8254357869    0.8802044615E+00
        4        4       51      3.4677      2.7032       13.8344825578    0.8294179179E+00
        4        4       51      3.4677      2.6992       13.8429305663    0.7778346385E+00
        4        4       51      3.4677      2.6953       13.8508057718    0.7256505769E+00
        4        4       51      3.4677      2.6912       13.8581427933    0.6734661495E+00
        4        4       51      3.4677      2.6871       13.8649748650    0.6213928562E+00
        4        4       51      3.4677      2.6828       13.8713295138    0.5695324645E+00
        4        4       51      3.4677      2.6785       13.8772590507    0.5178304869E+00
        4        4       51      3.4677      2.6740       13.8827784144    0.4660981903E+00
        4        4       51      3.4677      2.6695       13.8879337055    0.4139258408E+00
        4        4       51      3.4677      2.6648       13.8927854592    0.3610551484E+00
        4        4       51      3.4677      2.6600       13.8973858197    0.3070716354E+00
        4        4       51      3.4677      2.6550       13.9017673558    0.2519410410E+00
        4        4       51      3.4677      2.6499       13.9060233590    0.1948599757E+00
        4        4       51      3.4677      2.6447       13.9103360610    0.1350819622E+00
        4        4       51      3.4677      2.6394       13.9150373343    0.7084095524E-01
        4        4       51      3.4677      2.6339       13.9207439580    0.1043813529E-04
        4        4       51      3.4677      2.6395       13.9154709592    0.1082622459E-01
        4        4       51      3.4677      2.6452       13.9117021180    0.2343769726E-01
        4        4       51      3.4677      2.6511       13.9084585520    0.3707965449E-01
        4        4       51      3.4677      2.6571       13.9051504641    0.5090987234E-01
        4        4       51      3.4677      2.6632       13.9015035464    0.6450844771E-01
        4        4       51      3.4677      2.6694       13.8973482902    0.7786815162E-01
        4        4       51      3.4677      2.6758       13.8926050320    0.9100540501E-01
        4        4       51      3.4677      2.6823       13.8872367185    0.1040957634E+00
        4        4       51      3.4677      2.6889       13.8812208593    0.1172830826E+00
        4        4       51      3.4677      2.6957       13.8745478513    0.1310129394E+00
        4        4       51      3.4677      2.7026       13.8671945161    0.1456192357E+00
        4        4       51      3.4677      2.7097       13.8591683070    0.1615026200E+00
        4        4       51      3.4677      2.7169       13.8504558446    0.1792133316E+00
        4        4       51      3.4677      2.7242       13.8410579493    0.1991402488E+00
        4        4       51      3.4677      2.7317       13.8310014396    0.2216864592E+00
        4        4       51      3.4677      2.7393       13.8202649812    0.2471894011E+00
        4        4       51      3.4677      2.7471       13.8088824776    0.2757712988E+00
        4        4       51      3.4677      2.7550       13.7968212633    0.3076937970E+00
        4        4       51      3.4677      2.7630       13.7840902758    0.3431386317E+00
        4        4       51      3.4677      2.7713       13.7707045827    0.3820534251E+00
        4        4       51      3.4677      2.7796       13.7566506738    0.4244752879E+00
        4        4       51      3.4677      2.7881       13.7419648586    0.4702366949E+00
        4        4       51      3.4677      2.7968       13.7266280855    0.5195325699E+00
        4        4       51      3.4677      2.8056       13.7106739295    0.5722659824E+00
        4        4       51      3.4677      2.8145       13.6940768732    0.6284155380E+00
        4        4       51      3.4677      2.8236       13.6768547081    0.6882745496E+00
        4        4       51      3.4677      2.8328       13.6590603489    0.7519021283E+00
        4        4       51      3.4677      2.8421       13.6406328403    0.8196242827E+00
        4        4       51      3.4677      2.8516       13.6216134504    0.8915862044E+00
        4        4       51      3.4677      2.8612       13.6020096058    0.9682924602E+00
        4        4       51      3.4677      2.8709       13.5818294043    0.1050314450E+01
        4        4       51      3.4677      2.8808       13.5611064635    0.1138324073E+01
        4        4       51      3.4677      2.8907       13.5398195623    0.1233012044E+01
        4        4       51      3.4677      2.9008       13.5180188892    0.1335238681E+01
        4        4       51      3.4677      2.9110       13.4956825192    0.1445729315E+01
        4        4       51      3.4677      2.9213       13.4727943684    0.1565766120E+01
        4        4       51      3.4677      2.9317       13.4494348315    0.1696492400E+01
        4        4       51      3.4677      2.9422       13.4255887163    0.1838629899E+01
        4        4       51      3.4677      2.9527       13.4012721809    0.1993428473E+01
        4        4       51      3.4677      2.9634       13.3764769944    0.2161914438E+01
        4        4       51      3.4677      2.9741       13.3512412693    0.2345782728E+01
        4        4       51      3.4677      2.9850       13.3255526817    0.2545706280E+01
        4        4       51      3.4677      2.9958       13.2994785911    0.2763462868E+01
        4        4       51      3.4677      3.0068       13.2730351697    0.2999860269E+01
        4        4       51      3.4677      3.0178       13.2461905981    0.3255907238E+01
        4        4       51      3.4677      3.0289       13.2189718867    0.3533250067E+01
        4        4       51      3.4677      3.0400       13.1914373436    0.3832598625E+01
        4        4       51      3.4677      3.0511       13.1635603201    0.4155047355E+01
        4        4       51      3.4677      3.0623       13.1353771887    0.4501423542E+01
        4        4       51      3.4677      3.0735       13.1069091461    0.4872201301E+01
        4        4       51      3.4677      3.0848       13.0782131104    0.5267500639E+01
        4        4       51      3.4677      3.0960       13.0492462057    0.5688191989E+01
        4        4       51      3.4677      3.1073       13.0200697756    0.6133239066E+01
        4        4       51      3.4677      3.1185       12.9906794181    0.6601927518E+01
        4        4       51      3.4677      3.1298       12.9610801868    0.7093216233E+01
        4        4       51      3.4677      3.1410       12.9312863848    0.7604658825E+01
        4        4       51      3.4677      3.1523       12.9012932862    0.8133275747E+01
        4        4       51      3.4677      3.1635       12.8710830352    0.8675548791E+01
        4        4       51      3.4677      3.1746       12.8406353040    0.7394197378E+01
        4        4       51      3.4677      3.1857       12.8099077164    0.7833317889E+01
        4        4       51      3.4677      3.1968       12.7788183447    0.8274642360E+01
        4        4       51      3.4677      3.2078       12.7436871048    0.8714342105E+01
        4        4       51      3.4677      3.2187       12.7077217432    0.9148272175E+01
        4        4       51      3.4677      3.2296       12.6715609869    0.6424151802E+01
        4        4       51      3.4677      3.2404       12.6353466277    0.6768745260E+01
        4        4       51      3.4677      3.2510       12.5991898818    0.7137049174E+01
        4        4       51      3.4677      3.2616       12.5633141668    0.7538922216E+01
        4        4       51      3.4677      3.2720       12.5279989537    0.7990977503E+01
        4        4       51      3.4677      3.2823       12.4936548901    0.1143044423E+02
        4        4       51      3.4677      3.2925       12.4564790483    0.1174734150E+02
        4        4       51      3.4677      3.3025       12.4100438496    0.1386267770E+02
        4        4       51      3.4677      3.3123       12.3596817691    0.1371997396E+02
        4        4       51      3.4677      3.3220       12.3048836432    0.1342814228E+02
        4        4       51      3.4677      3.3314       12.2453312564    0.1299497137E+02
        4        4       51      3.4677      3.3407       12.1809644004    0.1243996237E+02
        4        4       51      3.4677      3.3497       12.1119394973    0.1178527688E+02
        4        4       51      3.4677      3.3585       12.0415726667    0.1506818531E+02
        4        4       51      3.4677      3.3670       12.0034650587    0.1861723459E+02
        4        4       51      3.4677      3.3753       11.9637253335    0.1913676743E+02
        4        4       51      3.4677      3.3833       11.9228334887    0.1979062920E+02
        4        4       51      3.4677      3.3910       11.8812286288    0.2058057834E+02
        4        4       51      3.4677      3.3985       11.8393001441    0.2150953158E+02
        4        4       51      3.4677      3.4056       11.7974292895    0.2258274427E+02
        4        4       51      3.4677      3.4123       11.7560098701    0.2380822859E+02
        4        4       51      3.4677      3.4188       11.7154170253    0.2519194007E+02
        4        4       51      3.4677      3.4249       11.6760891040    0.2673844184E+02
        4        4       51      3.4677      3.4306       11.6385200419    0.2844060881E+02
        4        4       51      3.4677      3.4359       11.6032032730    0.3027428393E+02
        4        4       51      3.4677      3.4409       11.5706586042    0.3218921855E+02
        4        4       51      3.4677      3.4455       11.5413654050    0.3410836050E+02
        4        4       51      3.4677      3.4496       11.5156691058    0.3593248802E+02
        4        4       51      3.4677      3.4534       11.4937286863    0.3756468984E+02
        4        4       51      3.4677      3.4567       11.4754782469    0.3893630740E+02
        4        4       51      3.4677      3.4596       11.4606960068    0.4002260725E+02
        4        4       51      3.4677      3.4621       11.4366099795    0.1898583599E+01
        4        4       51      3.4677      3.4641       11.3940348625    0.1348102273E+01
        4        4       51      3.4677      3.4657       11.3572430927    0.8769192590E+00
        4        4       51      3.4677      3.4668       11.3278690762    0.5031246266E+00
        4        4       51      3.4677      3.4675       11.3081055207    0.2234260031E+00
        4        4       51      3.4677      3.4677       11.2306481724    0.2968550516E-05
        4        4       51      3.4677      3.4675       11.2712156684    0.3050647221E+03
        4        4       51      3.4677      3.4669       11.2807415979    0.1490823632E+03
        4        4       51      3.4677      3.4658       11.2958582177    0.9676965950E+02
        4        4       51      3.4677      3.4644       11.3159159429    0.7084771679E+02
        4        4       51      3.4677      3.4626       11.3403092717    0.5559363835E+02
        4        4       51      3.4677      3.4603       11.3684941004    0.4566009530E+02
        4        4       51      3.4677      3.4577       11.3999349128    0.3872710333E+02
        4        4       51      3.4677      3.4546       11.4341391788    0.3363201375E+02
        4        4       51      3.4677      3.4512       11.4706169134    0.2972930637E+02
        4        4       51      3.4677      3.4474       11.5089128233    0.2663735830E+02
        4        4       51      3.4677      3.4432       11.5485823546    0.2411814463E+02
        4        4       51      3.4677      3.4387       11.5892018442    0.2201436596E+02
        4        4       51      3.4677      3.4338       11.6303859456    0.2021999266E+02
        4        4       51      3.4677      3.4285       11.6717795844    0.1865989446E+02
        4        4       51      3.4677      3.4229       11.7130663960    0.1727942993E+02
        4        4       51      3.4677      3.4170       11.7538835987    0.1604084470E+02
        4        4       51      3.4677      3.4108       11.7939291964    0.1491371226E+02
        4        4       51      3.4677      3.4042       11.8328808431    0.1387666752E+02
        4        4       51      3.4677      3.3974       11.8704537486    0.1291336456E+02
        4        4       51      3.4677      3.3903       11.9063788053    0.1201278591E+02
        4        4       51      3.4677      3.3829       11.9403610367    0.1116707712E+02
        4        4       51      3.4677      3.3753       11.9721640270    0.1037177441E+02
        4        4       51      3.4677      3.3674       12.0016023997    0.9626355625E+01
        4        4       51      3.4677      3.3592       12.0373730233    0.7200311966E+01
        4        4       51      3.4677      3.3509       12.0891910118    0.4810362043E+01
        4        4       51      3.4677      3.3423       12.1402988137    0.4721031914E+01
        4        4       51      3.4677      3.3335       12.1905270245    0.4623031421E+01
        4        4       51      3.4677      3.3246       12.2398477092    0.4516906891E+01
        4        4       51      3.4677      3.3154       12.2881757297    0.4404131383E+01
        4        4       51      3.4677      3.3061       12.3354983457    0.4286213845E+01
        4        4       51      3.4677      3.2967       12.3818418811    0.4164816519E+01
        4        4       51      3.4677      3.2870       12.4272218097    0.4041479637E+01
        4        4       51      3.4677      3.2773       12.4716183164    0.3917880620E+01
        4        4       51      3.4677      3.2674       12.5150946509    0.3795211358E+01
        4        4       51      3.4677      3.2574       12.5576564381    0.3674314936E+01
        4        4       51      3.4677      3.2473       12.5993483991    0.3556160512E+01
        4        4       51      3.4677      3.2371       12.6402061816    0.3441447071E+01
        4        4       51      3.4677      3.2268       12.6802586389    0.3330968861E+01
        4        4       51      3.4677      3.2165       12.7195490929    0.3225019864E+01
        4        4       51      3.4677      3.2060       12.7581024424    0.3124080479E+01
        4        4       51      3.4677      3.1955       12.7958888734    0.3028146852E+01
        4        4       51      3.4677      3.1849       12.8330347793    0.2937460700E+01
        4        4       51      3.4677      3.1743       12.8694935232    0.2851823849E+01
        4        4       51      3.4677      3.1637       12.9052992675    0.2771271798E+01
        4        4       51      3.4677      3.1530       12.9404446093    0.2695429536E+01
        4        4       51      3.4677      3.1423       12.9749684688    0.2624148824E+01
        4        4       51      3.4677      3.1315       13.0088669298    0.2557081648E+01
        4        4       51      3.4677      3.1208       13.0422015032    0.2494048948E+01
        4        4       51      3.4677      3.1100       13.0749389811    0.2434693018E+01
        4        4       51      3.4677      3.0993       13.1071070108    0.2378365543E+01
        4        4       51      3.4677      3.0885       13.1387061643    0.2324789649E+01
        4        4       51      3.4677      3.0778       13.1697287855    0.2273498301E+01
        4        4       51      3.4677      3.0670       13.2001810417    0.2224192486E+01
        4        4       51      3.4677      3.0563       13.2300530186    0.2176183509E+01
        4        4       51      3.4677      3.0456       13.2593662107    0.2129268234E+01
        4        4       51      3.4677      3.0350       13.2881489103    0.2083096215E+01
        4        4       51      3.4677      3.0244       13.3163780254    0.2037065461E+01
        4        4       51      3.4677      3.0138       13.3440388814    0.1990977168E+01
        4        4       51      3.4677      3.0033       13.3711480659    0.1944453124E+01
        4        4       51      3.4677      2.9929       13.3976993624    0.1897390772E+01
        4        4       51      3.4677      2.9825       13.4236911268    0.1849553041E+01
        4        4       51      3.4677      2.9722       13.4491286191    0.1800781425E+01
        4        4       51      3.4677      2.9619       13.4739749408    0.1750563718E+01
        4        4       51      3.4677      2.9517       13.4982482404    0.1699043520E+01
        4        4       51      3.4677      2.9416       13.5219483101    0.1646217829E+01
        4        4       51      3.4677      2.9316       13.5450810238    0.1591811413E+01
        4        4       51      3.4677      2.9217       13.5676219087    0.1536071279E+01
        4        4       51      3.4677      2.9118       13.5895194219    0.1478705355E+01
        4        4       51      3.4677      2.9021       13.6108649818    0.1420124606E+01
        4        4       51      3.4677      2.8925       13.6315642773    0.1360022004E+01
        4        4       51      3.4677      2.8829       13.6516998062    0.1299014686E+01
        4        4       51      3.4677      2.8735       13.6712128674    0.1236774233E+01
        4        4       51      3.4677      2.8642       13.6901240393    0.1173766586E+01
        4        4       51      3.4677      2.8550       13.7083798761    0.1109989618E+01
        4        4       51      3.4677      2.8459       13.7260225571    0.1045722831E+01
        4        4       51      3.4677      2.8370       13.7430198385    0.9812670641E+00
        4        4       51      3.4677      2.8281       13.7594106734    0.9168470521E+00
        4        4       51      3.4677      2.8194       13.7751300228    0.8527494823E+00
        4        4       51      3.4677      2.8108       13.7901971408    0.7891761917E+00
        4        4       51      3.4677      2.8024       13.8046073173    0.7265930006E+00
        4        4       51      3.4677      2.7940       13.8183568441    0.6652148919E+00
        4        4       51      3.4677      2.7858       13.8314287591    0.6053281997E+00
        4        4       51      3.4677      2.7778       13.8438482650    0.5472169226E+00
        4        4       51      3.4677      2.7698       13.8555984421    0.4911525823E+00
        4        4       51      3.4677      2.7620       13.8666388962    0.4374207180E+00
        4        4       51      3.4677      2.7544       13.8769926909    0.3863729770E+00
        4        4       51      3.4677      2.7468       13.8866585925    0.3380143625E+00
        4        4       51      3.4677      2.7394       13.8956221366    0.2926849965E+00
        4        4       51      3.4677      2.7321       13.9038870214    0.2505080250E+00
        4        4       51      3.4677      2.7250       13.9114629400    0.2115928424E+00
        4        4       51      3.4677      2.7179       13.9183122377    0.1760350407E+00
        4        4       51      3.4677      2.7110       13.9244583590    0.1438434955E+00
        4        4       51      3.4677      2.7042       13.9299001281    0.1150842796E+00
        4        4       51      3.4677      2.6976       13.9346211327    0.8970008947E-01
        4        4       51      3.4677      2.6910       13.9386320211    0.6759779285E-01
        4        4       51      3.4677      2.6846       13.9419482951    0.4869927991E-01
        4        4       51      3.4677      2.6783       13.9446003441    0.3289005017E-01
        4        4       51      3.4677      2.6721       13.9466275117    0.1995448382E-01
        4        4       51      3.4677      2.6661       13.9482950396    0.1483571385E-01
        4        4       51      3.4677      2.6601       13.9506628462    0.8954789661E-05
