        4        4       58      3.4677      3.4677       18.0674250632    0.5978035786E-03
        4        4       58      3.4677      3.4677       18.2890043882    0.1199966107E+05
        4        4       58      3.4677      3.4676       18.2865221171    0.5929480678E+04
        4        4       58      3.4677      3.4674       18.2826420883    0.3887374755E+04
        4        4       58      3.4677      3.4672       18.2776292467    0.2860769560E+04
        4        4       58      3.4677      3.4669       18.2717786478    0.2245157543E+04
        4        4       58      3.4677      3.4665       18.2652821362    0.1837284677E+04
        4        4       58      3.4677      3.4661       18.2583399164    0.1548832529E+04
        4        4       58      3.4677      3.4656       18.2510565021    0.1335157596E+04
        4        4       58      3.4677      3.4650       18.2435183630    0.1171221526E+04
        4        4       58      3.4677      3.4644       18.2358127081    0.1041875738E+04
        4        4       58      3.4677      3.4637       18.2279793897    0.9374611978E+03
        4        4       58      3.4677      3.4630       18.2200537234    0.8515742191E+03
        4        4       58      3.4677      3.4621       18.2120992313    0.7797774313E+03
        4        4       58      3.4677      3.4613       18.2040964332    0.7189564448E+03
        4        4       58      3.4677      3.4603       18.1960766807    0.6668061722E+03
        4        4       58      3.4677      3.4593       18.1880701434    0.6216332951E+03
        4        4       58      3.4677      3.4582       18.1800718288    0.5821319820E+03
        4        4       58      3.4677      3.4571       18.1721021238    0.5473145431E+03
        4        4       58      3.4677      3.4559       18.1641609228    0.5164089180E+03
        4        4       58      3.4677      3.4546       18.1562698318    0.4887939477E+03
        4        4       58      3.4677      3.4533       18.1484321348    0.3281534264E+03
        4        4       58      3.4677      3.4519       18.1554224591    0.9979426705E+01
        4        4       58      3.4677      3.4505       18.1626273878    0.1035232134E+02
        4        4       58      3.4677      3.4489       18.1699974881    0.1071444668E+02
        4        4       58      3.4677      3.4474       18.1775111257    0.1106559905E+02
        4        4       58      3.4677      3.4458       18.1851464696    0.1140551393E+02
        4        4       58      3.4677      3.4441       18.1928853953    0.1173389304E+02
        4        4       58      3.4677      3.4423       18.2007001479    0.1205045492E+02
        4        4       58      3.4677      3.4405       18.2085760001    0.1235500290E+02
        4        4       58      3.4677      3.4387       18.2165127136    0.1264736457E+02
        4        4       58      3.4677      3.4367       18.2244675670    0.1292736628E+02
        4        4       58      3.4677      3.4348       18.2324658335    0.1319483966E+02
        4        4       58      3.4677      3.4327       18.2404727660    0.1344978961E+02
        4        4       58      3.4677      3.4306       18.2484538421    0.1369227091E+02
        4        4       58      3.4677      3.4285       18.2564111958    0.1392217448E+02
        4        4       58      3.4677      3.4263       18.2643259379    0.1413970845E+02
        4        4       58      3.4677      3.4241       18.2721965993    0.1434489743E+02
        4        4       58      3.4677      3.4218       18.2799944431    0.1453793970E+02
        4        4       58      3.4677      3.4194       18.2877237355    0.1471906670E+02
        4        4       58      3.4677      3.4170       18.2953712323    0.1488853953E+02
        4        4       58      3.4677      3.4146       18.3029041766    0.1504669452E+02
        4        4       58      3.4677      3.4121       18.3103381569    0.1519375455E+02
        4        4       58      3.4677      3.4095       18.3176607318    0.1533013868E+02
        4        4       58      3.4677      3.4069       18.3248612165    0.1545628883E+02
        4        4       58      3.4677      3.4042       18.3319373023    0.1557250231E+02
        4        4       58      3.4677      3.4015       18.3388657467    0.1567942073E+02
        4        4       58      3.4677      3.3988       18.3456834555    0.1577729830E+02
        4        4       58      3.4677      3.3960       18.3523568824    0.1586666247E+02
        4        4       58      3.4677      3.3932       18.3588939820    0.1594791038E+02
        4        4       58      3.4677      3.3903       18.3652921916    0.1602169113E+02
        4        4       58      3.4677      3.3932       18.3588939820    0.1594791038E+02
        4        4       58      3.4677      3.3960       18.3523568824    0.1586666247E+02
        4        4       58      3.4677      3.3988       18.3456834555    0.1577729830E+02
        4        4       58      3.4677      3.4015       18.3388657467    0.1567942073E+02
        4        4       58      3.4677      3.4042       18.3319373023    0.1557250231E+02
        4        4       58      3.4677      3.4069       18.3248612165    0.1545628883E+02
        4        4       58      3.4677      3.4095       18.3176607318    0.1533013868E+02
        4        4       58      3.4677      3.4121       18.3103381569    0.1519375455E+02
        4        4       58      3.4677      3.4146       18.3029041766    0.1504669452E+02
        4        4       58      3.4677      3.4170       18.2953712323    0.1488853953E+02
        4        4       58      3.4677      3.4194       18.2877237355    0.1471906670E+02
        4        4       58      3.4677      3.4218       18.2799944431    0.1453793970E+02
        4        4       58      3.4677      3.4241       18.2721965993    0.1434489743E+02
        4        4       58      3.4677      3.4263       18.2643259379    0.1413970845E+02
        4        4       58      3.4677      3.4285       18.2564111958    0.1392217448E+02
        4        4       58      3.4677      3.4306       18.2484538421    0.1369227091E+02
        4        4       58      3.4677      3.4327       18.2404727660    0.1344978961E+02
        4        4       58      3.4677      3.4348       18.2324658335    0.1319483966E+02
        4        4       58      3.4677      3.4367       18.2244675670    0.1292736628E+02
        4        4       58      3.4677      3.4387       18.2165127136    0.1264736457E+02
        4        4       58      3.4677      3.4405       18.2085760001    0.1235500290E+02
        4        4       58      3.4677      3.4423       18.2007001479    0.1205045492E+02
        4        4       58      3.4677      3.4441       18.1928853953    0.1173389304E+02
        4        4       58      3.4677      3.4458       18.1851464696    0.1140551393E+02
        4        4       58      3.4677      3.4474       18.1775111257    0.1106559905E+02
        4        4       58      3.4677      3.4489       18.1699974881    0.1071444668E+02
        4        4       58      3.4677      3.4505       18.1626273878    0.1035232134E+02
        4        4       58      3.4677      3.4519       18.1554224591    0.9979426705E+01
        4        4       58      3.4677      3.4533       18.1484321348    0.3281534264E+03
        4        4       58      3.4677      3.4546       18.1562698318    0.4887939477E+03
        4        4       58      3.4677      3.4559       18.1641609228    0.5164089180E+03
        4        4       58      3.4677      3.4571       18.1721021238    0.5473145431E+03
        4        4       58      3.4677      3.4582       18.1800718288    0.5821319820E+03
        4        4       58      3.4677      3.4593       18.1880701434    0.6216332951E+03
        4        4       58      3.4677      3.4603       18.1960766807    0.6668061722E+03
        4        4       58      3.4677      3.4613       18.2040964332    0.7189564448E+03
        4        4       58      3.4677      3.4621       18.2120992313    0.7797774313E+03
        4        4       58      3.4677      3.4630       18.2200537234    0.8515742191E+03
        4        4       58      3.4677      3.4637       18.2279793897    0.9374611978E+03
        4        4       58      3.4677      3.4644       18.2358127081    0.1041875738E+04
        4        4       58      3.4677      3.4650       18.2435183630    0.1171221526E+04
        4        4       58      3.4677      3.4656       18.2510565021    0.1335157596E+04
        4        4       58      3.4677      3.4661       18.2583399164    0.1548832529E+04
        4        4       58      3.4677      3.4665       18.2652821362    0.1837284677E+04
        4        4       58      3.4677      3.4669       18.2717786478    0.2245157543E+04
        4        4       58      3.4677      3.4672       18.2776292467    0.2860769560E+04
        4        4       58      3.4677      3.4674       18.2826420883    0.3887374755E+04
        4        4       58      3.4677      3.4676       18.2865221171    0.5929480678E+04
        4        4       58      3.4677      3.4677       18.2890043882    0.1199966107E+05
        4        4       58      3.4677      3.4677       18.0674250632    0.5978035786E-03
        4        4       58      3.4677      3.4677       18.3865749287    0.3718810147E+00
        4        4       58      3.4677      3.4676       18.3870070277    0.7431726443E+00
        4        4       58      3.4677      3.4675       18.3877263634    0.1113285610E+01
        4        4       58      3.4677      3.4674       18.3887382540    0.1481630749E+01
        4        4       58      3.4677      3.4672       18.3900361885    0.1847619393E+01
        4        4       58      3.4677      3.4670       18.3916086084    0.2210664725E+01
        4        4       58      3.4677      3.4667       18.3934552775    0.2570180073E+01
        4        4       58      3.4677      3.4664       18.3955658024    0.2925581831E+01
        4        4       58      3.4677      3.4661       18.3979352716    0.3276291944E+01
        4        4       58      3.4677      3.4657       18.4005543406    0.3621732453E+01
        4        4       58      3.4677      3.4653       18.4034161119    0.3961335070E+01
        4        4       58      3.4677      3.4648       18.4064969404    0.4294541287E+01
        4        4       58      3.4677      3.4643       18.4098064084    0.4620799174E+01
        4        4       58      3.4677      3.4638       18.4133254534    0.4939564913E+01
        4        4       58      3.4677      3.4632       18.4170386615    0.5250320117E+01
        4        4       58      3.4677      3.4626       18.4209373173    0.5552566728E+01
        4        4       58      3.4677      3.4619       18.4250025753    0.5845822860E+01
        4        4       58      3.4677      3.4613       18.4292362733    0.6129629096E+01
        4        4       58      3.4677      3.4605       18.4336031397    0.6403554476E+01
        4        4       58      3.4677      3.4598       18.4381117968    0.6667225677E+01
        4        4       58      3.4677      3.4590       18.4427200916    0.6920303419E+01
        4        4       58      3.4677      3.4581       18.4474295306    0.7162459260E+01
        4        4       58      3.4677      3.4572       18.4522267606    0.7393435023E+01
        4        4       58      3.4677      3.4563       18.4570906937    0.7612991485E+01
        4        4       58      3.4677      3.4554       18.4620093845    0.7821033041E+01
        4        4       58      3.4677      3.4544       18.4670045404    0.8017312681E+01
        4        4       58      3.4677      3.4534       18.4720080787    0.8201907486E+01
        4        4       58      3.4677      3.4523       18.4770263135    0.8374785317E+01
        4        4       58      3.4677      3.4512       18.4820434541    0.8536033857E+01
        4        4       58      3.4677      3.4501       18.4870595112    0.8685726349E+01
        4        4       58      3.4677      3.4489       18.4920622234    0.8824014535E+01
        4        4       58      3.4677      3.4477       18.4970441876    0.8951111310E+01
        4        4       58      3.4677      3.4465       18.5019855878    0.9067356562E+01
        4        4       58      3.4677      3.4452       18.5068760111    0.9173036871E+01
        4        4       58      3.4677      3.4439       18.5117250020    0.9268446278E+01
        4        4       58      3.4677      3.4426       18.5165044164    0.9354136537E+01
        4        4       58      3.4677      3.4412       18.5212233367    0.9430416868E+01
        4        4       58      3.4677      3.4398       18.5258675632    0.9497757322E+01
        4        4       58      3.4677      3.4384       18.5304374985    0.9556563976E+01
        4        4       58      3.4677      3.4369       18.5349227741    0.9607449719E+01
        4        4       58      3.4677      3.4354       18.5393249883    0.9650843055E+01
        4        4       58      3.4677      3.4339       18.5436422615    0.9687266864E+01
        4        4       58      3.4677      3.4324       18.5478717901    0.9717222669E+01
        4        4       58      3.4677      3.4308       18.5520148248    0.9741189681E+01
        4        4       58      3.4677      3.4292       18.5560624489    0.9759628663E+01
        4        4       58      3.4677      3.4276       18.5600196765    0.9773142307E+01
        4        4       58      3.4677      3.4259       18.5638826521    0.9782146139E+01
        4        4       58      3.4677      3.4242       18.5676503809    0.9787052638E+01
        4        4       58      3.4677      3.4225       18.5713370093    0.9788238643E+01
        4        4       58      3.4677      3.4207       18.5749333015    0.9786174222E+01
        4        4       58      3.4677      3.4225       18.5713370093    0.9788238643E+01
        4        4       58      3.4677      3.4242       18.5676503809    0.9787052638E+01
        4        4       58      3.4677      3.4259       18.5638826521    0.9782146139E+01
        4        4       58      3.4677      3.4276       18.5600196765    0.9773142307E+01
        4        4       58      3.4677      3.4292       18.5560624489    0.9759628663E+01
        4        4       58      3.4677      3.4308       18.5520148248    0.9741189681E+01
        4        4       58      3.4677      3.4324       18.5478717901    0.9717222669E+01
        4        4       58      3.4677      3.4339       18.5436422615    0.9687266864E+01
        4        4       58      3.4677      3.4354       18.5393249883    0.9650843055E+01
        4        4       58      3.4677      3.4369       18.5349227741    0.9607449719E+01
        4        4       58      3.4677      3.4384       18.5304374985    0.9556563976E+01
        4        4       58      3.4677      3.4398       18.5258675632    0.9497757322E+01
        4        4       58      3.4677      3.4412       18.5212233367    0.9430416868E+01
        4        4       58      3.4677      3.4426       18.5165044164    0.9354136537E+01
        4        4       58      3.4677      3.4439       18.5117250020    0.9268446278E+01
        4        4       58      3.4677      3.4452       18.5068760111    0.9173036871E+01
        4        4       58      3.4677      3.4465       18.5019855878    0.9067356562E+01
        4        4       58      3.4677      3.4477       18.4970441876    0.8951111310E+01
        4        4       58      3.4677      3.4489       18.4920622234    0.8824014535E+01
        4        4       58      3.4677      3.4501       18.4870595112    0.8685726349E+01
        4        4       58      3.4677      3.4512       18.4820434541    0.8536033857E+01
        4        4       58      3.4677      3.4523       18.4770263135    0.8374785317E+01
        4        4       58      3.4677      3.4534       18.4720080787    0.8201907486E+01
        4        4       58      3.4677      3.4544       18.4670045404    0.8017312681E+01
        4        4       58      3.4677      3.4554       18.4620093845    0.7821033041E+01
        4        4       58      3.4677      3.4563       18.4570906937    0.7612991485E+01
        4        4       58      3.4677      3.4572       18.4522267606    0.7393435023E+01
        4        4       58      3.4677      3.4581       18.4474295306    0.7162459260E+01
        4        4       58      3.4677      3.4590       18.4427200916    0.6920303419E+01
        4        4       58      3.4677      3.4598       18.4381117968    0.6667225677E+01
        4        4       58      3.4677      3.4605       18.4336031397    0.6403554476E+01
        4        4       58      3.4677      3.4613       18.4292362733    0.6129629096E+01
        4        4       58      3.4677      3.4619       18.4250025753    0.5845822860E+01
        4        4       58      3.4677      3.4626       18.4209373173    0.5552566728E+01
        4        4       58      3.4677      3.4632       18.4170386615    0.5250320117E+01
        4        4       58      3.4677      3.4638       18.4133254534    0.4939564913E+01
        4        4       58      3.4677      3.4643       18.4098064084    0.4620799174E+01
        4        4       58      3.4677      3.4648       18.4064969404    0.4294541287E+01
        4        4       58      3.4677      3.4653       18.4034161119    0.3961335070E+01
        4        4       58      3.4677      3.4657       18.4005543406    0.3621732453E+01
        4        4       58      3.4677      3.4661       18.3979352716    0.3276291944E+01
        4        4       58      3.4677      3.4664       18.3955658024    0.2925581831E+01
        4        4       58      3.4677      3.4667       18.3934552775    0.2570180073E+01
        4        4       58      3.4677      3.4670       18.3916086084    0.2210664725E+01
        4        4       58      3.4677      3.4672       18.3900361885    0.1847619393E+01
        4        4       58      3.4677      3.4674       18.3887382540    0.1481630749E+01
        4        4       58      3.4677      3.4675       18.3877263634    0.1113285610E+01
        4        4       58      3.4677      3.4676       18.3870070277    0.7431726443E+00
        4        4       58      3.4677      3.4677       18.3865749287    0.3718810147E+00
        4        4       58      3.4677      3.4677       18.0674250632    0.5978035786E-03
        4        4       58      3.4677      3.4677       18.1688162294    0.1196790295E+05
        4        4       58      3.4677      3.4676       18.1678628143    0.5971386791E+04
        4        4       58      3.4677      3.4674       18.1663011268    0.3967457736E+04
        4        4       58      3.4677      3.4671       18.1641740450    0.2962173816E+04
        4        4       58      3.4677      3.4668       18.1614970603    0.2356829933E+04
        4        4       58      3.4677      3.4664       18.1583344276    0.1951885570E+04
        4        4       58      3.4677      3.4659       18.1547122511    0.1661825577E+04
        4        4       58      3.4677      3.4654       18.1506971734    0.1443839266E+04
        4        4       58      3.4677      3.4648       18.1463692411    0.1274114269E+04
        4        4       58      3.4677      3.4641       18.1417123987    0.1138351107E+04
        4        4       58      3.4677      3.4633       18.1367878032    0.1027394644E+04
        4        4       58      3.4677      3.4625       18.1316546517    0.9351094604E+03
        4        4       58      3.4677      3.4616       18.1263407891    0.8572376702E+03
        4        4       58      3.4677      3.4606       18.1208639968    0.7907305070E+03
        4        4       58      3.4677      3.4596       18.1152767582    0.5185573641E+03
        4        4       58      3.4677      3.4585       18.1150391397    0.4832016860E+03
        4        4       58      3.4677      3.4573       18.1208205671    0.8007312647E+01
        4        4       58      3.4677      3.4561       18.1268724217    0.8432269371E+01
        4        4       58      3.4677      3.4548       18.1331715468    0.8849272347E+01
        4        4       58      3.4677      3.4534       18.1397007204    0.9257952674E+01
        4        4       58      3.4677      3.4519       18.1464538950    0.9657883247E+01
        4        4       58      3.4677      3.4504       18.1534102465    0.1004870009E+02
        4        4       58      3.4677      3.4488       18.1605572227    0.1043001460E+02
        4        4       58      3.4677      3.4472       18.1678778397    0.1080145365E+02
        4        4       58      3.4677      3.4455       18.1753457824    0.1116271187E+02
        4        4       58      3.4677      3.4437       18.1829571327    0.1151344759E+02
        4        4       58      3.4677      3.4418       18.1906792682    0.1185337885E+02
        4        4       58      3.4677      3.4399       18.1985082134    0.1218223446E+02
        4        4       58      3.4677      3.4380       18.2064383806    0.1249976144E+02
        4        4       58      3.4677      3.4359       18.2144407763    0.1280577618E+02
        4        4       58      3.4677      3.4338       18.2224989537    0.1310012707E+02
        4        4       58      3.4677      3.4317       18.2305992346    0.1338268248E+02
        4        4       58      3.4677      3.4295       18.2387271659    0.1365336073E+02
        4        4       58      3.4677      3.4272       18.2468553048    0.1391214263E+02
        4        4       58      3.4677      3.4249       18.2549973355    0.1415893205E+02
        4        4       58      3.4677      3.4225       18.2631114747    0.1439389339E+02
        4        4       58      3.4677      3.4200       18.2712029117    0.1461697603E+02
        4        4       58      3.4677      3.4175       18.2792491981    0.1482842084E+02
        4        4       58      3.4677      3.4150       18.2872483601    0.1502831916E+02
        4        4       58      3.4677      3.4123       18.2951779950    0.1521692930E+02
        4        4       58      3.4677      3.4097       18.3030272783    0.1539455361E+02
        4        4       58      3.4677      3.4069       18.3107990376    0.1556132563E+02
        4        4       58      3.4677      3.4042       18.3184708559    0.1571769665E+02
        4        4       58      3.4677      3.4013       18.3260590443    0.1586391927E+02
        4        4       58      3.4677      3.3985       18.3335549927    0.1600032751E+02
        4        4       58      3.4677      3.3955       18.3409253644    0.1612737042E+02
        4        4       58      3.4677      3.3925       18.3481682379    0.1624561135E+02
        4        4       58      3.4677      3.3895       18.3552949391    0.1635533287E+02
        4        4       58      3.4677      3.3864       18.3623052700    0.1645688488E+02
        4        4       58      3.4677      3.3833       18.3691816942    0.1655085326E+02
        4        4       58      3.4677      3.3864       18.3623052700    0.1645688488E+02
        4        4       58      3.4677      3.3895       18.3552949391    0.1635533287E+02
        4        4       58      3.4677      3.3925       18.3481682379    0.1624561135E+02
        4        4       58      3.4677      3.3955       18.3409253644    0.1612737042E+02
        4        4       58      3.4677      3.3985       18.3335549927    0.1600032751E+02
        4        4       58      3.4677      3.4013       18.3260590443    0.1586391927E+02
        4        4       58      3.4677      3.4042       18.3184708559    0.1571769665E+02
        4        4       58      3.4677      3.4069       18.3107990376    0.1556132563E+02
        4        4       58      3.4677      3.4097       18.3030272783    0.1539455361E+02
        4        4       58      3.4677      3.4123       18.2951779950    0.1521692930E+02
        4        4       58      3.4677      3.4150       18.2872483601    0.1502831916E+02
        4        4       58      3.4677      3.4175       18.2792491981    0.1482842084E+02
        4        4       58      3.4677      3.4200       18.2712029117    0.1461697603E+02
        4        4       58      3.4677      3.4225       18.2631114747    0.1439389339E+02
        4        4       58      3.4677      3.4249       18.2549973355    0.1415893205E+02
        4        4       58      3.4677      3.4272       18.2468553048    0.1391214263E+02
        4        4       58      3.4677      3.4295       18.2387271659    0.1365336073E+02
        4        4       58      3.4677      3.4317       18.2305992346    0.1338268248E+02
        4        4       58      3.4677      3.4338       18.2224989537    0.1310012707E+02
        4        4       58      3.4677      3.4359       18.2144407763    0.1280577618E+02
        4        4       58      3.4677      3.4380       18.2064383806    0.1249976144E+02
        4        4       58      3.4677      3.4399       18.1985082134    0.1218223446E+02
        4        4       58      3.4677      3.4418       18.1906792682    0.1185337885E+02
        4        4       58      3.4677      3.4437       18.1829571327    0.1151344759E+02
        4        4       58      3.4677      3.4455       18.1753457824    0.1116271187E+02
        4        4       58      3.4677      3.4472       18.1678778397    0.1080145365E+02
        4        4       58      3.4677      3.4488       18.1605572227    0.1043001460E+02
        4        4       58      3.4677      3.4504       18.1534102465    0.1004870009E+02
        4        4       58      3.4677      3.4519       18.1464538950    0.9657883247E+01
        4        4       58      3.4677      3.4534       18.1397007204    0.9257952674E+01
        4        4       58      3.4677      3.4548       18.1331715468    0.8849272347E+01
        4        4       58      3.4677      3.4561       18.1268724217    0.8432269371E+01
        4        4       58      3.4677      3.4573       18.1208205671    0.8007312647E+01
        4        4       58      3.4677      3.4585       18.1150391397    0.4832016860E+03
        4        4       58      3.4677      3.4596       18.1152767582    0.5185573641E+03
        4        4       58      3.4677      3.4606       18.1208639968    0.7907305070E+03
        4        4       58      3.4677      3.4616       18.1263407891    0.8572376702E+03
        4        4       58      3.4677      3.4625       18.1316546517    0.9351094604E+03
        4        4       58      3.4677      3.4633       18.1367878032    0.1027394644E+04
        4        4       58      3.4677      3.4641       18.1417123987    0.1138351107E+04
        4        4       58      3.4677      3.4648       18.1463692411    0.1274114269E+04
        4        4       58      3.4677      3.4654       18.1506971734    0.1443839266E+04
        4        4       58      3.4677      3.4659       18.1547122511    0.1661825577E+04
        4        4       58      3.4677      3.4664       18.1583344276    0.1951885570E+04
        4        4       58      3.4677      3.4668       18.1614970603    0.2356829933E+04
        4        4       58      3.4677      3.4671       18.1641740450    0.2962173816E+04
        4        4       58      3.4677      3.4674       18.1663011268    0.3967457736E+04
        4        4       58      3.4677      3.4676       18.1678628143    0.5971386791E+04
        4        4       58      3.4677      3.4677       18.1688162294    0.1196790295E+05
        4        4       58      3.4677      3.4677       18.0674250632    0.5978035786E-03
        4        4       58      3.4677      3.4676       18.3874343172    0.9771102043E+00
        4        4       58      3.4677      3.4671       18.3904232113    0.1943464050E+01
        4        4       58      3.4677      3.4664       18.3953313293    0.2888386699E+01
        4        4       58      3.4677      3.4655       18.4020354467    0.3801228055E+01
        4        4       58      3.4677      3.4642       18.4103484896    0.4671643937E+01
        4        4       58      3.4677      3.4627       18.4201030146    0.5489661408E+01
        4        4       58      3.4677      3.4610       18.4310584061    0.6246194005E+01
        4        4       58      3.4677      3.4589       18.4429705897    0.6933318396E+01
        4        4       58      3.4677      3.4566       18.4555463189    0.7544906569E+01
        4        4       58      3.4677      3.4541       18.4685812203    0.8076886832E+01
        4        4       58      3.4677      3.4513       18.4817789722    0.8527834374E+01
        4        4       58      3.4677      3.4482       18.4949509011    0.8898927879E+01
        4        4       58      3.4677      3.4449       18.5078993351    0.9193996416E+01
        4        4       58      3.4677      3.4414       18.5204829396    0.9418958043E+01
        4        4       58      3.4677      3.4377       18.5325752072    0.9581629922E+01
        4        4       58      3.4677      3.4338       18.5440917029    0.9690714433E+01
        4        4       58      3.4677      3.4296       18.5550082541    0.9755243148E+01
        4        4       58      3.4677      3.4253       18.5652822760    0.9784390529E+01
        4        4       58      3.4677      3.4207       18.5749333015    0.9786174222E+01
        4        4       58      3.4677      3.4160       18.5839492797    0.9768366602E+01
        4        4       58      3.4677      3.4111       18.5923748860    0.9737277367E+01
        4        4       58      3.4677      3.4061       18.6002236048    0.9698362022E+01
        4        4       58      3.4677      3.4009       18.6075272164    0.9656128746E+01
        4        4       58      3.4677      3.3956       18.6143033656    0.9614073118E+01
        4        4       58      3.4677      3.3901       18.6205889507    0.9575148495E+01
        4        4       58      3.4677      3.3845       18.6264193027    0.9541251229E+01
        4        4       58      3.4677      3.3788       18.6318009945    0.9513968556E+01
        4        4       58      3.4677      3.3730       18.6367615270    0.9494223378E+01
        4        4       58      3.4677      3.3671       18.6412961959    0.9482466680E+01
        4        4       58      3.4677      3.3612       18.6454317981    0.9479254311E+01
        4        4       58      3.4677      3.3551       18.6491650672    0.9484404355E+01
        4        4       58      3.4677      3.3490       18.6525165122    0.9497903233E+01
        4        4       58      3.4677      3.3429       18.6554676544    0.9519021437E+01
        4        4       58      3.4677      3.3367       18.6580358553    0.9547633543E+01
        4        4       58      3.4677      3.3304       18.6602229994    0.9582725152E+01
        4        4       58      3.4677      3.3241       18.6620252402    0.9623806527E+01
        4        4       58      3.4677      3.3178       18.6634475206    0.9670153575E+01
        4        4       58      3.4677      3.3115       18.6644721159    0.9720469268E+01
        4        4       58      3.4677      3.3052       18.6651014809    0.9774139809E+01
        4        4       58      3.4677      3.2989       18.6653507179    0.9830218908E+01
        4        4       58      3.4677      3.2926       18.6652254876    0.9887751525E+01
        4        4       58      3.4677      3.2864       18.6647187819    0.9945813233E+01
        4        4       58      3.4677      3.2801       18.6638718809    0.1000336784E+02
        4        4       58      3.4677      3.2739       18.6626440463    0.1005948209E+02
        4        4       58      3.4677      3.2677       18.6610920828    0.1011324721E+02
        4        4       58      3.4677      3.2615       18.6592016903    0.1016410635E+02
        4        4       58      3.4677      3.2554       18.6570042344    0.1021089780E+02
        4        4       58      3.4677      3.2493       18.6545293536    0.1025324291E+02
        4        4       58      3.4677      3.2432       18.6517953997    0.1029040173E+02
        4        4       58      3.4677      3.2372       18.6488216144    0.1032152963E+02
        4        4       58      3.4677      3.2313       18.6456522408    0.1034615303E+02
        4        4       58      3.4677      3.2254       18.6423040111    0.1036406983E+02
        4        4       58      3.4677      3.2195       18.6388068122    0.1037462528E+02
        4        4       58      3.4677      3.2137       18.6351892717    0.1037771526E+02
        4        4       58      3.4677      3.2079       18.6314892329    0.1037287004E+02
        4        4       58      3.4677      3.2022       18.6277510179    0.1036008900E+02
        4        4       58      3.4677      3.1966       18.6239881199    0.1033904198E+02
        4        4       58      3.4677      3.1910       18.6202339668    0.1030979875E+02
        4        4       58      3.4677      3.1855       18.6165262574    0.1027232741E+02
        4        4       58      3.4677      3.1800       18.6129053210    0.1022647856E+02
        4        4       58      3.4677      3.1745       18.6093905369    0.1017228786E+02
        4        4       58      3.4677      3.1691       18.6059977226    0.1010990846E+02
        4        4       58      3.4677      3.1638       18.6027572302    0.1003925538E+02
        4        4       58      3.4677      3.1585       18.5996862646    0.9960102753E+01
        4        4       58      3.4677      3.1532       18.5968236710    0.9872486715E+01
        4        4       58      3.4677      3.1480       18.5941846293    0.9776462739E+01
        4        4       58      3.4677      3.1428       18.5917783570    0.9671684845E+01
        4        4       58      3.4677      3.1376       18.5896334065    0.9558063681E+01
        4        4       58      3.4677      3.1325       18.5877811965    0.9435339778E+01
        4        4       58      3.4677      3.1275       18.5862336580    0.9302974121E+01
        4        4       58      3.4677      3.1225       18.5850074822    0.9160768917E+01
        4        4       58      3.4677      3.1175       18.5841270102    0.9008084707E+01
        4        4       58      3.4677      3.1125       18.5836298872    0.8844152757E+01
        4        4       58      3.4677      3.1076       18.5835105691    0.8668313056E+01
        4        4       58      3.4677      3.1027       18.5838080965    0.8479809272E+01
        4        4       58      3.4677      3.0978       18.5845458436    0.8277728748E+01
        4        4       58      3.4677      3.0930       18.5857886395    0.8060740815E+01
        4        4       58      3.4677      3.0882       18.5875551557    0.7827710849E+01
        4        4       58      3.4677      3.0835       18.5898997521    0.7577226794E+01
        4        4       58      3.4677      3.0787       18.5928606077    0.7307972051E+01
        4        4       58      3.4677      3.0740       18.5964956114    0.7018269644E+01
        4        4       58      3.4677      3.0694       18.6008728396    0.6706557317E+01
        4        4       58      3.4677      3.0647       18.6060573807    0.6371069247E+01
        4        4       58      3.4677      3.0602       18.6121350969    0.6010005442E+01
        4        4       58      3.4677      3.0556       18.6192054901    0.5621772605E+01
        4        4       58      3.4677      3.0511       18.6273387572    0.5204536541E+01
        4        4       58      3.4677      3.0466       18.6347616105    0.5607504791E+01
        4        4       58      3.4677      3.0422       18.6178476659    0.5493904609E+01
        4        4       58      3.4677      3.0378       18.6007194646    0.4661556542E+01
        4        4       58      3.4677      3.0334       18.5834119371    0.3847685700E+01
        4        4       58      3.4677      3.0291       18.5659135726    0.3050950106E+01
        4        4       58      3.4677      3.0249       18.5482872768    0.2271123462E+01
        4        4       58      3.4677      3.0207       18.5304834648    0.1510222865E+01
        4        4       58      3.4677      3.0165       18.5126071222    0.7752112112E+00
        4        4       58      3.4677      3.0124       18.4946202592    0.4459541955E+02
        4        4       58      3.4677      3.0161       18.5122654271    0.1409951338E+01
        4        4       58      3.4677      3.0194       18.5307650463    0.2839645480E+01
        4        4       58      3.4677      3.0224       18.5495891390    0.4311903163E+01
        4        4       58      3.4677      3.0250       18.5679680454    0.5759368270E+01
        4        4       58      3.4677      3.0272       18.5847305641    0.7075217608E+01
        4        4       58      3.4677      3.0291       18.5984775005    0.8132036993E+01
        4        4       58      3.4677      3.0306       18.6084767772    0.8938662827E+01
        4        4       58      3.4677      3.0317       18.6156338482    0.9722107933E+01
        4        4       58      3.4677      3.0325       18.6218044805    0.1067909060E+02
        4        4       58      3.4677      3.0329       18.6285736270    0.1182114289E+02
        4        4       58      3.4677      3.0329       18.6368841630    0.1306084345E+02
        4        4       58      3.4677      3.0326       18.6472152522    0.1430054245E+02
        4        4       58      3.4677      3.0319       18.6597240850    0.1546946740E+02
        4        4       58      3.4677      3.0309       18.6743964877    0.1652740663E+02
        4        4       58      3.4677      3.0295       18.6910589720    0.1746299582E+02
        4        4       58      3.4677      3.0278       18.7095124473    0.1828801084E+02
        4        4       58      3.4677      3.0258       18.7294494651    0.1903205546E+02
        4        4       58      3.4677      3.0234       18.7505819651    0.1973543011E+02
        4        4       58      3.4677      3.0207       18.7725578054    0.2044489740E+02
        4        4       58      3.4677      3.0178       18.7950893601    0.2120693375E+02
        4        4       58      3.4677      3.0145       18.8178576210    0.2206417580E+02
        4        4       58      3.4677      3.0110       18.8405574553    0.2305011966E+02
        4        4       58      3.4677      3.0072       18.8629354807    0.2418698630E+02
        4        4       58      3.4677      3.0031       18.8847446335    0.2548405394E+02
        4        4       58      3.4677      2.9988       18.9057740826    0.2693885605E+02
        4        4       58      3.4677      2.9943       18.9258280334    0.2853981188E+02
        4        4       58      3.4677      2.9895       18.9447465979    0.3027054371E+02
        4        4       58      3.4677      2.9846       18.9624311008    0.3210876863E+02
        4        4       58      3.4677      2.9794       18.9787532368    0.3403201052E+02
        4        4       58      3.4677      2.9741       18.9936230576    0.3601821072E+02
        4        4       58      3.4677      2.9687       19.0069737493    0.3804597396E+02
        4        4       58      3.4677      2.9631       19.0187608339    0.4009525148E+02
        4        4       58      3.4677      2.9574       19.0289423473    0.4214646796E+02
        4        4       58      3.4677      2.9515       19.0375011352    0.4418366810E+02
        4        4       58      3.4677      2.9456       19.0444137620    0.4619053467E+02
        4        4       58      3.4677      2.9396       19.0496837927    0.4815130791E+02
        4        4       58      3.4677      2.9335       19.0533253486    0.5005116581E+02
        4        4       58      3.4677      2.9274       19.0553652753    0.5187621648E+02
        4        4       58      3.4677      2.9213       19.0557997541    0.5361276220E+02
        4        4       58      3.4677      2.9151       19.0546847912    0.5524650034E+02
        4        4       58      3.4677      2.9089       19.0520505338    0.5676433314E+02
        4        4       58      3.4677      2.9027       19.0479685750    0.5815286422E+02
        4        4       58      3.4677      2.8966       19.0424715964    0.5939851192E+02
        4        4       58      3.4677      2.8904       19.0356248663    0.6048809475E+02
        4        4       58      3.4677      2.8843       19.0274933692    0.6140934858E+02
        4        4       58      3.4677      2.8783       19.0181436201    0.6214960062E+02
        4        4       58      3.4677      2.8723       19.0076789051    0.6269729053E+02
        4        4       58      3.4677      2.8664       18.9961678446    0.6304113580E+02
        4        4       58      3.4677      2.8605       18.9837131163    0.6317214558E+02
        4        4       58      3.4677      2.8547       18.9704247875    0.6308210005E+02
        4        4       58      3.4677      2.8490       18.9564383561    0.6276528724E+02
        4        4       58      3.4677      2.8434       18.9418923538    0.6222010306E+02
        4        4       58      3.4677      2.8379       18.9268887801    0.6144900240E+02
        4        4       58      3.4677      2.8325       18.9115886929    0.6045952928E+02
        4        4       58      3.4677      2.8272       18.8960811893    0.5926431902E+02
        4        4       58      3.4677      2.8220       18.8804965858    0.5788181329E+02
        4        4       58      3.4677      2.8169       18.8649386285    0.5633415486E+02
        4        4       58      3.4677      2.8119       18.8494531662    0.5464783856E+02
        4        4       58      3.4677      2.8070       18.8340981894    0.5285041508E+02
        4        4       58      3.4677      2.8022       18.8188887084    0.5096992612E+02
        4        4       58      3.4677      2.7975       18.8038410785    0.4903203792E+02
        4        4       58      3.4677      2.7929       18.7889694819    0.4705987579E+02
        4        4       58      3.4677      2.7884       18.7742457220    0.4507383337E+02
        4        4       58      3.4677      2.7840       18.7596361387    0.4309092846E+02
        4        4       58      3.4677      2.7797       18.7451550260    0.4112471467E+02
        4        4       58      3.4677      2.7755       18.7307913010    0.3918561187E+02
        4        4       58      3.4677      2.7713       18.7165279516    0.3728122264E+02
        4        4       58      3.4677      2.7673       18.7023561686    0.3541847699E+02
        4        4       58      3.4677      2.7633       18.6883047546    0.3360048476E+02
        4        4       58      3.4677      2.7593       18.6743495080    0.3183078829E+02
        4        4       58      3.4677      2.7554       18.6605388349    0.3011177020E+02
        4        4       58      3.4677      2.7516       18.6469018334    0.2844436581E+02
        4        4       58      3.4677      2.7478       18.6334622328    0.2682948777E+02
        4        4       58      3.4677      2.7441       18.6202681783    0.2526767898E+02
        4        4       58      3.4677      2.7404       18.6073791134    0.2375941203E+02
        4        4       58      3.4677      2.7367       18.5948514513    0.2230529541E+02
        4        4       58      3.4677      2.7330       18.5827188088    0.2090578113E+02
        4        4       58      3.4677      2.7293       18.5711125231    0.1956126421E+02
        4        4       58      3.4677      2.7257       18.5600363014    0.1827280859E+02
        4        4       58      3.4677      2.7220       18.5496194179    0.1704068708E+02
        4        4       58      3.4677      2.7183       18.5399714626    0.1586579934E+02
        4        4       58      3.4677      2.7146       18.5311454961    0.1474856324E+02
        4        4       58      3.4677      2.7108       18.5232512856    0.1368983104E+02
        4        4       58      3.4677      2.7070       18.5163523114    0.1268985175E+02
        4        4       58      3.4677      2.7032       18.5105221403    0.1174779248E+02
        4        4       58      3.4677      2.6992       18.5057921648    0.1086150299E+02
        4        4       58      3.4677      2.6953       18.5021978639    0.1002721225E+02
        4        4       58      3.4677      2.6912       18.4996244526    0.9238727572E+01
        4        4       58      3.4677      2.6871       18.4978730589    0.8484075335E+01
        4        4       58      3.4677      2.6828       18.4965221072    0.7743568039E+01
        4        4       58      3.4677      2.6785       18.4947549100    0.6984698899E+01
        4        4       58      3.4677      2.6740       18.4913306919    0.6164254439E+01
        4        4       58      3.4677      2.6695       18.4847631915    0.5258704665E+01
        4        4       58      3.4677      2.6648       18.4741658816    0.4309906472E+01
        4        4       58      3.4677      2.6600       18.4598117412    0.3401358371E+01
        4        4       58      3.4677      2.6550       18.4427204523    0.2580148645E+01
        4        4       58      3.4677      2.6499       18.4238421417    0.1846760777E+01
        4        4       58      3.4677      2.6447       18.4038183671    0.1183141620E+01
        4        4       58      3.4677      2.6394       18.3830365011    0.5710317315E+00
        4        4       58      3.4677      2.6339       18.3617297701    0.3308428068E+02
        4        4       58      3.4677      2.6395       18.3833299216    0.5202197347E+00
        4        4       58      3.4677      2.6452       18.4050254752    0.1052698913E+01
        4        4       58      3.4677      2.6511       18.4267836328    0.1597526572E+01
        4        4       58      3.4677      2.6571       18.4485699678    0.2154804487E+01
        4        4       58      3.4677      2.6632       18.4703646260    0.2725076837E+01
        4        4       58      3.4677      2.6694       18.4921388858    0.3308539142E+01
        4        4       58      3.4677      2.6758       18.5139014379    0.3905616035E+01
        4        4       58      3.4677      2.6823       18.5355403443    0.4903492039E+01
        4        4       58      3.4677      2.6889       18.5213881520    0.5874590788E+01
        4        4       58      3.4677      2.6957       18.5079361613    0.6473514410E+01
        4        4       58      3.4677      2.7026       18.4958908529    0.7058412656E+01
        4        4       58      3.4677      2.7097       18.4851693229    0.7629008449E+01
        4        4       58      3.4677      2.7169       18.4757027657    0.8185096130E+01
        4        4       58      3.4677      2.7242       18.4674057049    0.8726671271E+01
        4        4       58      3.4677      2.7317       18.4602024782    0.9253776209E+01
        4        4       58      3.4677      2.7393       18.4540329398    0.9766552586E+01
        4        4       58      3.4677      2.7471       18.4488196418    0.1026514205E+02
        4        4       58      3.4677      2.7550       18.4445176353    0.1074966878E+02
        4        4       58      3.4677      2.7630       18.4410492673    0.1122040944E+02
        4        4       58      3.4677      2.7713       18.4383971014    0.1167747208E+02
        4        4       58      3.4677      2.7796       18.4364789313    0.1212112423E+02
        4        4       58      3.4677      2.7881       18.4352824173    0.1255134879E+02
        4        4       58      3.4677      2.7968       18.4347618601    0.1296834389E+02
        4        4       58      3.4677      2.8056       18.4349089125    0.1337198107E+02
        4        4       58      3.4677      2.8145       18.4356342225    0.1376250897E+02
        4        4       58      3.4677      2.8236       18.4369315200    0.1413977119E+02
        4        4       58      3.4677      2.8328       18.4387878779    0.1450370536E+02
        4        4       58      3.4677      2.8421       18.4411488788    0.1485415686E+02
        4        4       58      3.4677      2.8516       18.4439843199    0.1519108857E+02
        4        4       58      3.4677      2.8612       18.4472757169    0.1551403866E+02
        4        4       58      3.4677      2.8709       18.4509966308    0.1582266627E+02
        4        4       58      3.4677      2.8808       18.4551022704    0.1611678886E+02
        4        4       58      3.4677      2.8907       18.4595669333    0.1639616461E+02
        4        4       58      3.4677      2.9008       18.4643462535    0.1666043262E+02
        4        4       58      3.4677      2.9110       18.4694077307    0.1690915931E+02
        4        4       58      3.4677      2.9213       18.4747034078    0.1714200524E+02
        4        4       58      3.4677      2.9317       18.4802154419    0.1735881248E+02
        4        4       58      3.4677      2.9422       18.4858744358    0.1755913528E+02
        4        4       58      3.4677      2.9527       18.4916414685    0.1774284737E+02
        4        4       58      3.4677      2.9634       18.4974611718    0.1790973828E+02
        4        4       58      3.4677      2.9741       18.5033027429    0.1805957406E+02
        4        4       58      3.4677      2.9850       18.5090731686    0.1819263137E+02
        4        4       58      3.4677      2.9958       18.5147652716    0.1830888169E+02
        4        4       58      3.4677      3.0068       18.5203153912    0.1840856953E+02
        4        4       58      3.4677      3.0178       18.5256529899    0.1849190003E+02
        4        4       58      3.4677      3.0289       18.5307291605    0.1855931356E+02
        4        4       58      3.4677      3.0400       18.5355080277    0.1861146169E+02
        4        4       58      3.4677      3.0511       18.5399457390    0.1864856216E+02
        4        4       58      3.4677      3.0623       18.5439994257    0.1867144982E+02
        4        4       58      3.4677      3.0735       18.5476125413    0.1868082659E+02
        4        4       58      3.4677      3.0848       18.5507697104    0.1867765145E+02
        4        4       58      3.4677      3.0960       18.5534409323    0.1866272964E+02
        4        4       58      3.4677      3.1073       18.5555652228    0.1863739773E+02
        4        4       58      3.4677      3.1185       18.5571378088    0.1860245746E+02
        4        4       58      3.4677      3.1298       18.5581325259    0.1855890055E+02
        4        4       58      3.4677      3.1410       18.5585230389    0.1850802822E+02
        4        4       58      3.4677      3.1523       18.5583303659    0.1845088645E+02
        4        4       58      3.4677      3.1635       18.5575098558    0.1838860631E+02
        4        4       58      3.4677      3.1746       18.5560839787    0.1832239452E+02
        4        4       58      3.4677      3.1857       18.5540314609    0.1825299899E+02
        4        4       58      3.4677      3.1968       18.5513174631    0.1818209242E+02
        4        4       58      3.4677      3.2078       18.5479724800    0.1811046790E+02
        4        4       58      3.4677      3.2187       18.5439860686    0.1803890083E+02
        4        4       58      3.4677      3.2296       18.5393521953    0.1796845177E+02
        4        4       58      3.4677      3.2404       18.5340817544    0.1789950066E+02
        4        4       58      3.4677      3.2510       18.5281557488    0.1783271811E+02
        4        4       58      3.4677      3.2616       18.5215746764    0.1776829935E+02
        4        4       58      3.4677      3.2720       18.5143173389    0.1770597912E+02
        4        4       58      3.4677      3.2823       18.5064009902    0.1764595265E+02
        4        4       58      3.4677      3.2925       18.4977868131    0.1758739649E+02
        4        4       58      3.4677      3.3025       18.4884710993    0.1752961878E+02
        4        4       58      3.4677      3.3123       18.4784225118    0.1747045758E+02
        4        4       58      3.4677      3.3220       18.4676134406    0.1740824828E+02
        4        4       58      3.4677      3.3314       18.4560485049    0.1733963170E+02
        4        4       58      3.4677      3.3407       18.4436641430    0.1726146161E+02
        4        4       58      3.4677      3.3497       18.4304853099    0.1716907181E+02
        4        4       58      3.4677      3.3585       18.4164473610    0.1705789669E+02
        4        4       58      3.4677      3.3670       18.4015378332    0.1692216627E+02
        4        4       58      3.4677      3.3753       18.3857881451    0.1675539469E+02
        4        4       58      3.4677      3.3833       18.3691816942    0.1655085326E+02
        4        4       58      3.4677      3.3910       18.3517494721    0.1630148465E+02
        4        4       58      3.4677      3.3985       18.3335549927    0.1600032751E+02
        4        4       58      3.4677      3.4056       18.3146391937    0.1564082048E+02
        4        4       58      3.4677      3.4123       18.2951779950    0.1521692930E+02
        4        4       58      3.4677      3.4188       18.2752268793    0.1472415167E+02
        4        4       58      3.4677      3.4249       18.2549973355    0.1415893205E+02
        4        4       58      3.4677      3.4306       18.2346600938    0.1351951410E+02
        4        4       58      3.4677      3.4359       18.2144407763    0.1280577618E+02
        4        4       58      3.4677      3.4409       18.1945758510    0.1201920685E+02
        4        4       58      3.4677      3.4455       18.1753457824    0.1116271187E+02
        4        4       58      3.4677      3.4496       18.1569626715    0.1024056783E+02
        4        4       58      3.4677      3.4534       18.1397007204    0.9257952674E+01
        4        4       58      3.4677      3.4567       18.1238151249    0.8220762819E+01
        4        4       58      3.4677      3.4596       18.1152767582    0.5185573641E+03
        4        4       58      3.4677      3.4621       18.1290141588    0.8945863150E+03
        4        4       58      3.4677      3.4641       18.1417123987    0.1138351107E+04
        4        4       58      3.4677      3.4657       18.1527566607    0.1545605502E+04
        4        4       58      3.4677      3.4668       18.1614970603    0.2356829933E+04
        4        4       58      3.4677      3.4675       18.1671585367    0.4769748753E+04
        4        4       58      3.4677      3.4677       18.0674250632    0.5978035786E-03
        4        4       58      3.4677      3.4675       18.2847450866    0.4706098101E+04
        4        4       58      3.4677      3.4669       18.2717786478    0.2245157543E+04
        4        4       58      3.4677      3.4658       18.2547376557    0.1434520253E+04
        4        4       58      3.4677      3.4644       18.2358127081    0.1041875738E+04
        4        4       58      3.4677      3.4626       18.2160820902    0.8141321006E+03
        4        4       58      3.4677      3.4603       18.1960766807    0.6668061722E+03
        4        4       58      3.4677      3.4577       18.1760824805    0.5641940328E+03
        4        4       58      3.4677      3.4546       18.1562698318    0.4887939477E+03
        4        4       58      3.4677      3.4512       18.1590109224    0.1016721436E+02
        4        4       58      3.4677      3.4474       18.1775111257    0.1106559905E+02
        4        4       58      3.4677      3.4432       18.1967777418    0.1189366775E+02
        4        4       58      3.4677      3.4387       18.2165127136    0.1264736457E+02
        4        4       58      3.4677      3.4338       18.2364712008    0.1332387295E+02
        4        4       58      3.4677      3.4285       18.2564111958    0.1392217448E+02
        4        4       58      3.4677      3.4229       18.2761036196    0.1444293659E+02
        4        4       58      3.4677      3.4170       18.2953712323    0.1488853953E+02
        4        4       58      3.4677      3.4108       18.3140140255    0.1526324823E+02
        4        4       58      3.4677      3.4042       18.3319373023    0.1557250231E+02
        4        4       58      3.4677      3.3974       18.3490416223    0.1582302789E+02
        4        4       58      3.4677      3.3903       18.3652921916    0.1602169113E+02
        4        4       58      3.4677      3.3829       18.3806763794    0.1617600588E+02
        4        4       58      3.4677      3.3753       18.3951352652    0.1629361485E+02
        4        4       58      3.4677      3.3674       18.4087258117    0.1638083219E+02
        4        4       58      3.4677      3.3592       18.4214588516    0.1644455940E+02
        4        4       58      3.4677      3.3509       18.4333854023    0.1649014147E+02
        4        4       58      3.4677      3.3423       18.4445398186    0.1652221492E+02
        4        4       58      3.4677      3.3335       18.4549604354    0.1654492172E+02
        4        4       58      3.4677      3.3246       18.4647063991    0.1656157906E+02
        4        4       58      3.4677      3.3154       18.4737963970    0.1657488031E+02
        4        4       58      3.4677      3.3061       18.4822908441    0.1658662145E+02
        4        4       58      3.4677      3.2967       18.4902146249    0.1659845009E+02
        4        4       58      3.4677      3.2870       18.4976049962    0.1661139514E+02
        4        4       58      3.4677      3.2773       18.5044896944    0.1662589919E+02
        4        4       58      3.4677      3.2674       18.5108970467    0.1664223205E+02
        4        4       58      3.4677      3.2574       18.5168393214    0.1666064808E+02
        4        4       58      3.4677      3.2473       18.5223502029    0.1668111017E+02
        4        4       58      3.4677      3.2371       18.5274289865    0.1670298279E+02
        4        4       58      3.4677      3.2268       18.5320778410    0.1672617229E+02
        4        4       58      3.4677      3.2165       18.5363150041    0.1674983295E+02
        4        4       58      3.4677      3.2060       18.5401497455    0.1677332402E+02
        4        4       58      3.4677      3.1955       18.5435912747    0.1679579553E+02
        4        4       58      3.4677      3.1849       18.5466382910    0.1681692512E+02
        4        4       58      3.4677      3.1743       18.5492826903    0.1683571457E+02
        4        4       58      3.4677      3.1637       18.5515402313    0.1685137471E+02
        4        4       58      3.4677      3.1530       18.5534136760    0.1686304956E+02
        4        4       58      3.4677      3.1423       18.5549049590    0.1686981611E+02
        4        4       58      3.4677      3.1315       18.5560213578    0.1687101407E+02
        4        4       58      3.4677      3.1208       18.5567852465    0.1686577775E+02
        4        4       58      3.4677      3.1100       18.5571765216    0.1685368753E+02
        4        4       58      3.4677      3.0993       18.5572379992    0.1683395816E+02
        4        4       58      3.4677      3.0885       18.5569681336    0.1680544588E+02
        4        4       58      3.4677      3.0778       18.5563641864    0.1676819262E+02
        4        4       58      3.4677      3.0670       18.5554731358    0.1672117327E+02
        4        4       58      3.4677      3.0563       18.5543057863    0.1666390042E+02
        4        4       58      3.4677      3.0456       18.5528629554    0.1659616270E+02
        4        4       58      3.4677      3.0350       18.5512129739    0.1651726996E+02
        4        4       58      3.4677      3.0244       18.5493522816    0.1642698633E+02
        4        4       58      3.4677      3.0138       18.5473077563    0.1632505599E+02
        4        4       58      3.4677      3.0033       18.5451071312    0.1621133833E+02
        4        4       58      3.4677      2.9929       18.5427913387    0.1608549737E+02
        4        4       58      3.4677      2.9825       18.5403665286    0.1594744091E+02
        4        4       58      3.4677      2.9722       18.5378667070    0.1579715243E+02
        4        4       58      3.4677      2.9619       18.5353246808    0.1563448219E+02
        4        4       58      3.4677      2.9517       18.5327635033    0.1545930372E+02
        4        4       58      3.4677      2.9416       18.5302077134    0.1527185811E+02
        4        4       58      3.4677      2.9316       18.5277118027    0.1507180602E+02
        4        4       58      3.4677      2.9217       18.5252713847    0.1485935084E+02
        4        4       58      3.4677      2.9118       18.5228855073    0.1463456863E+02
        4        4       58      3.4677      2.9021       18.5206403330    0.1439731920E+02
        4        4       58      3.4677      2.8925       18.5185197188    0.1414755316E+02
        4        4       58      3.4677      2.8829       18.5165582250    0.1388548472E+02
        4        4       58      3.4677      2.8735       18.5147720567    0.1361093024E+02
        4        4       58      3.4677      2.8642       18.5132119906    0.1332376663E+02
        4        4       58      3.4677      2.8550       18.5118679191    0.1302407806E+02
        4        4       58      3.4677      2.8459       18.5107978476    0.1271154159E+02
        4        4       58      3.4677      2.8370       18.5100185391    0.1238599032E+02
        4        4       58      3.4677      2.8281       18.5095372090    0.1204737033E+02
        4        4       58      3.4677      2.8194       18.5093849468    0.1169531249E+02
        4        4       58      3.4677      2.8108       18.5096097132    0.1132959428E+02
        4        4       58      3.4677      2.8024       18.5102287561    0.1095004725E+02
        4        4       58      3.4677      2.7940       18.5112835166    0.1055612819E+02
        4        4       58      3.4677      2.7858       18.5128239430    0.1014736856E+02
        4        4       58      3.4677      2.7778       18.5148761868    0.9723535203E+01
        4        4       58      3.4677      2.7698       18.5175389933    0.9284009043E+01
        4        4       58      3.4677      2.7620       18.5208066051    0.8828480972E+01
        4        4       58      3.4677      2.7544       18.5247765194    0.8356379145E+01
        4        4       58      3.4677      2.7468       18.5295132572    0.7867258728E+01
        4        4       58      3.4677      2.7394       18.5350812054    0.7360804904E+01
        4        4       58      3.4677      2.7321       18.5415744636    0.6836635660E+01
        4        4       58      3.4677      2.7250       18.5490978093    0.6294521784E+01
        4        4       58      3.4677      2.7179       18.5577231127    0.5734382854E+01
        4        4       58      3.4677      2.7110       18.5669676484    0.5236411302E+01
        4        4       58      3.4677      2.7042       18.5454067792    0.4608568764E+01
        4        4       58      3.4677      2.6976       18.5236547748    0.3914151398E+01
        4        4       58      3.4677      2.6910       18.5017642260    0.3231740162E+01
        4        4       58      3.4677      2.6846       18.4797574562    0.2561380373E+01
        4        4       58      3.4677      2.6783       18.4576572651    0.1902988319E+01
        4        4       58      3.4677      2.6721       18.4354806892    0.1256614891E+01
        4        4       58      3.4677      2.6661       18.4132503694    0.6222082496E+00
        4        4       58      3.4677      2.6601       18.3910103151    0.3353999508E+02
