        4        4        3      3.4677      3.4677        0.0000000478    0.1843471725E+00
        4        4        3      3.4677      3.4677        0.0409091656    0.7273598347E-03
        4        4        3      3.4677      3.4676        0.0819135778    0.2759553028E-02
        4        4        3      3.4677      3.4674        0.1233014087    0.7285235030E-02
        4        4        3      3.4677      3.4672        0.1665789843    0.1994004790E-01
        4        4        3      3.4677      3.4669        0.2145320251    0.5150347155E-01
        4        4        3      3.4677      3.4665        0.2636857781    0.6915165946E-01
        4        4        3      3.4677      3.4661        0.3122725869    0.8679675190E-01
        4        4        3      3.4677      3.4656        0.3602886739    0.1053899090E+00
        4        4        3      3.4677      3.4650        0.4078548876    0.1249971453E+00
        4        4        3      3.4677      3.4644        0.4550605181    0.1455602221E+00
        4        4        3      3.4677      3.4637        0.5019632674    0.1669997520E+00
        4        4        3      3.4677      3.4630        0.5485993485    0.1892345490E+00
        4        4        3      3.4677      3.4621        0.5949909422    0.2121857365E+00
        4        4        3      3.4677      3.4613        0.6411509686    0.2357773747E+00
        4        4        3      3.4677      3.4603        0.6870861021    0.2599362275E+00
        4        4        3      3.4677      3.4593        0.7327987084    0.2845913514E+00
        4        4        3      3.4677      3.4582        0.7782881172    0.3096736924E+00
        4        4        3      3.4677      3.4571        0.8235514796    0.3351157412E+00
        4        4        3      3.4677      3.4559        0.8685843588    0.3608512498E+00
        4        4        3      3.4677      3.4546        0.9133811473    0.3868150057E+00
        4        4        3      3.4677      3.4533        0.9579353657    0.4129426522E+00
        4        4        3      3.4677      3.4519        1.0022398833    0.4391705498E+00
        4        4        3      3.4677      3.4505        1.0462870819    0.4654356696E+00
        4        4        3      3.4677      3.4489        1.0900689810    0.4916755141E+00
        4        4        3      3.4677      3.4474        1.1335773347    0.5178280624E+00
        4        4        3      3.4677      3.4458        1.1768037085    0.5438317347E+00
        4        4        3      3.4677      3.4441        1.2197395403    0.5696253753E+00
        4        4        3      3.4677      3.4423        1.2623761911    0.5951482512E+00
        4        4        3      3.4677      3.4405        1.3047049873    0.6203400660E+00
        4        4        3      3.4677      3.4387        1.3467172565    0.6451409876E+00
        4        4        3      3.4677      3.4367        1.3884043587    0.6694916884E+00
        4        4        3      3.4677      3.4348        1.4297577142    0.6933333987E+00
        4        4        3      3.4677      3.4327        1.4707688287    0.7166079722E+00
        4        4        3      3.4677      3.4306        1.5114293158    0.7392579630E+00
        4        4        3      3.4677      3.4285        1.5517309190    0.7612267137E+00
        4        4        3      3.4677      3.4263        1.5916655312    0.7824584550E+00
        4        4        3      3.4677      3.4241        1.6312252138    0.8028984152E+00
        4        4        3      3.4677      3.4218        1.6704022151    0.8224929387E+00
        4        4        3      3.4677      3.4194        1.7091889870    0.8411896142E+00
        4        4        3      3.4677      3.4170        1.7475782015    0.8589374090E+00
        4        4        3      3.4677      3.4146        1.7855627661    0.8756868104E+00
        4        4        3      3.4677      3.4121        1.8231358384    0.8913899706E+00
        4        4        3      3.4677      3.4095        1.8602908392    0.9060008544E+00
        4        4        3      3.4677      3.4069        1.8970214651    0.9194753873E+00
        4        4        3      3.4677      3.4042        1.9333216986    0.9317716014E+00
        4        4        3      3.4677      3.4015        1.9691858180    0.9428497768E+00
        4        4        3      3.4677      3.3988        2.0046084042    0.9526725760E+00
        4        4        3      3.4677      3.3960        2.0395843471    0.9612051685E+00
        4        4        3      3.4677      3.3932        2.0741088482    0.9684153437E+00
        4        4        3      3.4677      3.3903        2.1081774222    0.9742736086E+00
        4        4        3      3.4677      3.3932        2.0741088482    0.9684153437E+00
        4        4        3      3.4677      3.3960        2.0395843471    0.9612051685E+00
        4        4        3      3.4677      3.3988        2.0046084042    0.9526725760E+00
        4        4        3      3.4677      3.4015        1.9691858180    0.9428497768E+00
        4        4        3      3.4677      3.4042        1.9333216986    0.9317716014E+00
        4        4        3      3.4677      3.4069        1.8970214651    0.9194753873E+00
        4        4        3      3.4677      3.4095        1.8602908392    0.9060008544E+00
        4        4        3      3.4677      3.4121        1.8231358384    0.8913899706E+00
        4        4        3      3.4677      3.4146        1.7855627661    0.8756868104E+00
        4        4        3      3.4677      3.4170        1.7475782015    0.8589374090E+00
        4        4        3      3.4677      3.4194        1.7091889870    0.8411896142E+00
        4        4        3      3.4677      3.4218        1.6704022151    0.8224929387E+00
        4        4        3      3.4677      3.4241        1.6312252138    0.8028984152E+00
        4        4        3      3.4677      3.4263        1.5916655312    0.7824584550E+00
        4        4        3      3.4677      3.4285        1.5517309190    0.7612267137E+00
        4        4        3      3.4677      3.4306        1.5114293158    0.7392579630E+00
        4        4        3      3.4677      3.4327        1.4707688287    0.7166079722E+00
        4        4        3      3.4677      3.4348        1.4297577142    0.6933333987E+00
        4        4        3      3.4677      3.4367        1.3884043587    0.6694916884E+00
        4        4        3      3.4677      3.4387        1.3467172565    0.6451409876E+00
        4        4        3      3.4677      3.4405        1.3047049873    0.6203400660E+00
        4        4        3      3.4677      3.4423        1.2623761911    0.5951482512E+00
        4        4        3      3.4677      3.4441        1.2197395403    0.5696253753E+00
        4        4        3      3.4677      3.4458        1.1768037085    0.5438317347E+00
        4        4        3      3.4677      3.4474        1.1335773347    0.5178280624E+00
        4        4        3      3.4677      3.4489        1.0900689810    0.4916755141E+00
        4        4        3      3.4677      3.4505        1.0462870819    0.4654356696E+00
        4        4        3      3.4677      3.4519        1.0022398833    0.4391705498E+00
        4        4        3      3.4677      3.4533        0.9579353657    0.4129426522E+00
        4        4        3      3.4677      3.4546        0.9133811473    0.3868150057E+00
        4        4        3      3.4677      3.4559        0.8685843588    0.3608512498E+00
        4        4        3      3.4677      3.4571        0.8235514796    0.3351157412E+00
        4        4        3      3.4677      3.4582        0.7782881172    0.3096736924E+00
        4        4        3      3.4677      3.4593        0.7327987084    0.2845913514E+00
        4        4        3      3.4677      3.4603        0.6870861021    0.2599362275E+00
        4        4        3      3.4677      3.4613        0.6411509686    0.2357773747E+00
        4        4        3      3.4677      3.4621        0.5949909422    0.2121857365E+00
        4        4        3      3.4677      3.4630        0.5485993485    0.1892345490E+00
        4        4        3      3.4677      3.4637        0.5019632674    0.1669997520E+00
        4        4        3      3.4677      3.4644        0.4550605181    0.1455602221E+00
        4        4        3      3.4677      3.4650        0.4078548876    0.1249971453E+00
        4        4        3      3.4677      3.4656        0.3602886739    0.1053899090E+00
        4        4        3      3.4677      3.4661        0.3122725869    0.8679675190E-01
        4        4        3      3.4677      3.4665        0.2636857781    0.6915165946E-01
        4        4        3      3.4677      3.4669        0.2145320251    0.5150347155E-01
        4        4        3      3.4677      3.4672        0.1665789843    0.1994004790E-01
        4        4        3      3.4677      3.4674        0.1233014087    0.7285235030E-02
        4        4        3      3.4677      3.4676        0.0819135778    0.2759553028E-02
        4        4        3      3.4677      3.4677        0.0409091656    0.7273598347E-03
        4        4        3      3.4677      3.4677        0.0000000478    0.1843471725E+00
        4        4        3      3.4677      3.4677        0.0432153714    0.1172704508E-01
        4        4        3      3.4677      3.4676        0.0876615504    0.4744196771E-01
        4        4        3      3.4677      3.4675        0.1318072888    0.8736561042E-01
        4        4        3      3.4677      3.4674        0.1758482080    0.1345967562E+00
        4        4        3      3.4677      3.4672        0.2198118346    0.1880800439E+00
        4        4        3      3.4677      3.4670        0.2636987563    0.2470820887E+00
        4        4        3      3.4677      3.4667        0.3075020836    0.3110478796E+00
        4        4        3      3.4677      3.4664        0.3512121809    0.3795320004E+00
        4        4        3      3.4677      3.4661        0.3948182230    0.4521613710E+00
        4        4        3      3.4677      3.4657        0.4383088212    0.5286132540E+00
        4        4        3      3.4677      3.4653        0.4816723148    0.6086013903E+00
        4        4        3      3.4677      3.4648        0.5248969235    0.6918667921E+00
        4        4        3      3.4677      3.4643        0.5679708346    0.7781713747E+00
        4        4        3      3.4677      3.4638        0.6108822583    0.8672934051E+00
        4        4        3      3.4677      3.4632        0.6536194650    0.9590241623E+00
        4        4        3      3.4677      3.4626        0.6961708131    0.1053165436E+01
        4        4        3      3.4677      3.4619        0.7385247713    0.1149527619E+01
        4        4        3      3.4677      3.4613        0.7806699368    0.1247928243E+01
        4        4        3      3.4677      3.4605        0.8225950521    0.1348190827E+01
        4        4        3      3.4677      3.4598        0.8642890203    0.1450143990E+01
        4        4        3      3.4677      3.4590        0.9057409194    0.1553620745E+01
        4        4        3      3.4677      3.4581        0.9469400162    0.1658457952E+01
        4        4        3      3.4677      3.4572        0.9878757803    0.1764495893E+01
        4        4        3      3.4677      3.4563        1.0285378972    0.1871577949E+01
        4        4        3      3.4677      3.4554        1.0689162817    0.1979550361E+01
        4        4        3      3.4677      3.4544        1.1090010914    0.2088262058E+01
        4        4        3      3.4677      3.4534        1.1487827395    0.2197564548E+01
        4        4        3      3.4677      3.4523        1.1882519078    0.2307311856E+01
        4        4        3      3.4677      3.4512        1.2273995595    0.2417360516E+01
        4        4        3      3.4677      3.4501        1.2662169519    0.2527569589E+01
        4        4        3      3.4677      3.4489        1.3046956484    0.2637800727E+01
        4        4        3      3.4677      3.4477        1.3428275304    0.2747918255E+01
        4        4        3      3.4677      3.4465        1.3806048089    0.2857789292E+01
        4        4        3      3.4677      3.4452        1.4180200354    0.2967283886E+01
        4        4        3      3.4677      3.4439        1.4550661120    0.3076275171E+01
        4        4        3      3.4677      3.4426        1.4917363013    0.3184639546E+01
        4        4        3      3.4677      3.4412        1.5280242349    0.3292256863E+01
        4        4        3      3.4677      3.4398        1.5639239217    0.3399010632E+01
        4        4        3      3.4677      3.4384        1.5994297547    0.3504788229E+01
        4        4        3      3.4677      3.4369        1.6345365170    0.3609481124E+01
        4        4        3      3.4677      3.4354        1.6692393867    0.3712985101E+01
        4        4        3      3.4677      3.4339        1.7035339401    0.3815200487E+01
        4        4        3      3.4677      3.4324        1.7374161549    0.3916032385E+01
        4        4        3      3.4677      3.4308        1.7708824103    0.4015390898E+01
        4        4        3      3.4677      3.4292        1.8039294873    0.4113191357E+01
        4        4        3      3.4677      3.4276        1.8365545665    0.4209354538E+01
        4        4        3      3.4677      3.4259        1.8687552251    0.4303806879E+01
        4        4        3      3.4677      3.4242        1.9005294319    0.4396480680E+01
        4        4        3      3.4677      3.4225        1.9318755413    0.4487314298E+01
        4        4        3      3.4677      3.4207        1.9627922854    0.4576252333E+01
        4        4        3      3.4677      3.4225        1.9318755413    0.4487314298E+01
        4        4        3      3.4677      3.4242        1.9005294319    0.4396480680E+01
        4        4        3      3.4677      3.4259        1.8687552251    0.4303806879E+01
        4        4        3      3.4677      3.4276        1.8365545665    0.4209354538E+01
        4        4        3      3.4677      3.4292        1.8039294873    0.4113191357E+01
        4        4        3      3.4677      3.4308        1.7708824103    0.4015390898E+01
        4        4        3      3.4677      3.4324        1.7374161549    0.3916032385E+01
        4        4        3      3.4677      3.4339        1.7035339401    0.3815200487E+01
        4        4        3      3.4677      3.4354        1.6692393867    0.3712985101E+01
        4        4        3      3.4677      3.4369        1.6345365170    0.3609481124E+01
        4        4        3      3.4677      3.4384        1.5994297547    0.3504788229E+01
        4        4        3      3.4677      3.4398        1.5639239217    0.3399010632E+01
        4        4        3      3.4677      3.4412        1.5280242349    0.3292256863E+01
        4        4        3      3.4677      3.4426        1.4917363013    0.3184639546E+01
        4        4        3      3.4677      3.4439        1.4550661120    0.3076275171E+01
        4        4        3      3.4677      3.4452        1.4180200354    0.2967283886E+01
        4        4        3      3.4677      3.4465        1.3806048089    0.2857789292E+01
        4        4        3      3.4677      3.4477        1.3428275304    0.2747918255E+01
        4        4        3      3.4677      3.4489        1.3046956484    0.2637800727E+01
        4        4        3      3.4677      3.4501        1.2662169519    0.2527569589E+01
        4        4        3      3.4677      3.4512        1.2273995595    0.2417360516E+01
        4        4        3      3.4677      3.4523        1.1882519078    0.2307311856E+01
        4        4        3      3.4677      3.4534        1.1487827395    0.2197564548E+01
        4        4        3      3.4677      3.4544        1.1090010914    0.2088262058E+01
        4        4        3      3.4677      3.4554        1.0689162817    0.1979550361E+01
        4        4        3      3.4677      3.4563        1.0285378972    0.1871577949E+01
        4        4        3      3.4677      3.4572        0.9878757803    0.1764495893E+01
        4        4        3      3.4677      3.4581        0.9469400162    0.1658457952E+01
        4        4        3      3.4677      3.4590        0.9057409194    0.1553620745E+01
        4        4        3      3.4677      3.4598        0.8642890203    0.1450143990E+01
        4        4        3      3.4677      3.4605        0.8225950521    0.1348190827E+01
        4        4        3      3.4677      3.4613        0.7806699368    0.1247928243E+01
        4        4        3      3.4677      3.4619        0.7385247713    0.1149527619E+01
        4        4        3      3.4677      3.4626        0.6961708131    0.1053165436E+01
        4        4        3      3.4677      3.4632        0.6536194650    0.9590241623E+00
        4        4        3      3.4677      3.4638        0.6108822583    0.8672934051E+00
        4        4        3      3.4677      3.4643        0.5679708346    0.7781713747E+00
        4        4        3      3.4677      3.4648        0.5248969235    0.6918667921E+00
        4        4        3      3.4677      3.4653        0.4816723148    0.6086013903E+00
        4        4        3      3.4677      3.4657        0.4383088212    0.5286132540E+00
        4        4        3      3.4677      3.4661        0.3948182230    0.4521613710E+00
        4        4        3      3.4677      3.4664        0.3512121809    0.3795320004E+00
        4        4        3      3.4677      3.4667        0.3075020836    0.3110478796E+00
        4        4        3      3.4677      3.4670        0.2636987563    0.2470820887E+00
        4        4        3      3.4677      3.4672        0.2198118346    0.1880800439E+00
        4        4        3      3.4677      3.4674        0.1758482080    0.1345967562E+00
        4        4        3      3.4677      3.4675        0.1318072888    0.8736561042E-01
        4        4        3      3.4677      3.4676        0.0876615504    0.4744196771E-01
        4        4        3      3.4677      3.4677        0.0432153714    0.1172704508E-01
        4        4        3      3.4677      3.4677        0.0000000478    0.1843471725E+00
        4        4        3      3.4677      3.4677        0.0480776064    0.9238302907E-02
        4        4        3      3.4677      3.4676        0.0961785589    0.2680868115E-01
        4        4        3      3.4677      3.4674        0.1442961548    0.4966129121E-01
        4        4        3      3.4677      3.4671        0.1924062717    0.7680190981E-01
        4        4        3      3.4677      3.4668        0.2404858511    0.1076015081E+00
        4        4        3      3.4677      3.4664        0.2885173442    0.1416238905E+00
        4        4        3      3.4677      3.4659        0.3364870897    0.1785465888E+00
        4        4        3      3.4677      3.4654        0.3843834528    0.2181171910E+00
        4        4        3      3.4677      3.4648        0.4321957604    0.2601287890E+00
        4        4        3      3.4677      3.4641        0.4799137931    0.3044056756E+00
        4        4        3      3.4677      3.4633        0.5275275605    0.3507945699E+00
        4        4        3      3.4677      3.4625        0.5750272081    0.3991589423E+00
        4        4        3      3.4677      3.4616        0.6224029825    0.4493751725E+00
        4        4        3      3.4677      3.4606        0.6696452234    0.5013298508E+00
        4        4        3      3.4677      3.4596        0.7167443667    0.5549178249E+00
        4        4        3      3.4677      3.4585        0.7636909518    0.6100407547E+00
        4        4        3      3.4677      3.4573        0.8104756316    0.6666060247E+00
        4        4        3      3.4677      3.4561        0.8570891827    0.7245259167E+00
        4        4        3      3.4677      3.4548        0.9035225153    0.7837169767E+00
        4        4        3      3.4677      3.4534        0.9497666828    0.8440995298E+00
        4        4        3      3.4677      3.4519        0.9958128912    0.9055973126E+00
        4        4        3      3.4677      3.4504        1.0416525078    0.9681371975E+00
        4        4        3      3.4677      3.4488        1.0872770698    0.1031648994E+01
        4        4        3      3.4677      3.4472        1.1326782915    0.1096065311E+01
        4        4        3      3.4677      3.4455        1.1778480725    0.1161321481E+01
        4        4        3      3.4677      3.4437        1.2227785035    0.1227355517E+01
        4        4        3      3.4677      3.4418        1.2674618731    0.1294108129E+01
        4        4        3      3.4677      3.4399        1.3118906731    0.1361522761E+01
        4        4        3      3.4677      3.4380        1.3560576034    0.1429545678E+01
        4        4        3      3.4677      3.4359        1.3999555761    0.1498126075E+01
        4        4        3      3.4677      3.4338        1.4435777188    0.1567216222E+01
        4        4        3      3.4677      3.4317        1.4869173768    0.1636771643E+01
        4        4        3      3.4677      3.4295        1.5299681151    0.1706751320E+01
        4        4        3      3.4677      3.4272        1.5727237179    0.1777117932E+01
        4        4        3      3.4677      3.4249        1.6151781887    0.1847838125E+01
        4        4        3      3.4677      3.4225        1.6573257475    0.1918882814E+01
        4        4        3      3.4677      3.4200        1.6991608278    0.1990227523E+01
        4        4        3      3.4677      3.4175        1.7406780711    0.2061852758E+01
        4        4        3      3.4677      3.4150        1.7818723211    0.2133744424E+01
        4        4        3      3.4677      3.4123        1.8227386143    0.2205894286E+01
        4        4        3      3.4677      3.4097        1.8632721704    0.2278300472E+01
        4        4        3      3.4677      3.4069        1.9034683792    0.2350968039E+01
        4        4        3      3.4677      3.4042        1.9433227859    0.2423909590E+01
        4        4        3      3.4677      3.4013        1.9828310736    0.2497145965E+01
        4        4        3      3.4677      3.3985        2.0219890427    0.2570707003E+01
        4        4        3      3.4677      3.3955        2.0607925873    0.2644632394E+01
        4        4        3      3.4677      3.3925        2.0992376681    0.2718972627E+01
        4        4        3      3.4677      3.3895        2.1373202806    0.2793790055E+01
        4        4        3      3.4677      3.3864        2.1750364199    0.2869160088E+01
        4        4        3      3.4677      3.3833        2.2123820387    0.2945172530E+01
        4        4        3      3.4677      3.3864        2.1750364199    0.2869160088E+01
        4        4        3      3.4677      3.3895        2.1373202806    0.2793790055E+01
        4        4        3      3.4677      3.3925        2.0992376681    0.2718972627E+01
        4        4        3      3.4677      3.3955        2.0607925873    0.2644632394E+01
        4        4        3      3.4677      3.3985        2.0219890427    0.2570707003E+01
        4        4        3      3.4677      3.4013        1.9828310736    0.2497145965E+01
        4        4        3      3.4677      3.4042        1.9433227859    0.2423909590E+01
        4        4        3      3.4677      3.4069        1.9034683792    0.2350968039E+01
        4        4        3      3.4677      3.4097        1.8632721704    0.2278300472E+01
        4        4        3      3.4677      3.4123        1.8227386143    0.2205894286E+01
        4        4        3      3.4677      3.4150        1.7818723211    0.2133744424E+01
        4        4        3      3.4677      3.4175        1.7406780711    0.2061852758E+01
        4        4        3      3.4677      3.4200        1.6991608278    0.1990227523E+01
        4        4        3      3.4677      3.4225        1.6573257475    0.1918882814E+01
        4        4        3      3.4677      3.4249        1.6151781887    0.1847838125E+01
        4        4        3      3.4677      3.4272        1.5727237179    0.1777117932E+01
        4        4        3      3.4677      3.4295        1.5299681151    0.1706751320E+01
        4        4        3      3.4677      3.4317        1.4869173768    0.1636771643E+01
        4        4        3      3.4677      3.4338        1.4435777188    0.1567216222E+01
        4        4        3      3.4677      3.4359        1.3999555761    0.1498126075E+01
        4        4        3      3.4677      3.4380        1.3560576034    0.1429545678E+01
        4        4        3      3.4677      3.4399        1.3118906731    0.1361522761E+01
        4        4        3      3.4677      3.4418        1.2674618731    0.1294108129E+01
        4        4        3      3.4677      3.4437        1.2227785035    0.1227355517E+01
        4        4        3      3.4677      3.4455        1.1778480725    0.1161321481E+01
        4        4        3      3.4677      3.4472        1.1326782915    0.1096065311E+01
        4        4        3      3.4677      3.4488        1.0872770698    0.1031648994E+01
        4        4        3      3.4677      3.4504        1.0416525078    0.9681371975E+00
        4        4        3      3.4677      3.4519        0.9958128912    0.9055973126E+00
        4        4        3      3.4677      3.4534        0.9497666828    0.8440995298E+00
        4        4        3      3.4677      3.4548        0.9035225153    0.7837169767E+00
        4        4        3      3.4677      3.4561        0.8570891827    0.7245259167E+00
        4        4        3      3.4677      3.4573        0.8104756316    0.6666060247E+00
        4        4        3      3.4677      3.4585        0.7636909518    0.6100407547E+00
        4        4        3      3.4677      3.4596        0.7167443667    0.5549178249E+00
        4        4        3      3.4677      3.4606        0.6696452234    0.5013298508E+00
        4        4        3      3.4677      3.4616        0.6224029825    0.4493751725E+00
        4        4        3      3.4677      3.4625        0.5750272081    0.3991589423E+00
        4        4        3      3.4677      3.4633        0.5275275605    0.3507945699E+00
        4        4        3      3.4677      3.4641        0.4799137931    0.3044056756E+00
        4        4        3      3.4677      3.4648        0.4321957604    0.2601287890E+00
        4        4        3      3.4677      3.4654        0.3843834528    0.2181171910E+00
        4        4        3      3.4677      3.4659        0.3364870897    0.1785465888E+00
        4        4        3      3.4677      3.4664        0.2885173442    0.1416238905E+00
        4        4        3      3.4677      3.4668        0.2404858511    0.1076015081E+00
        4        4        3      3.4677      3.4671        0.1924062717    0.7680190981E-01
        4        4        3      3.4677      3.4674        0.1442961548    0.4966129121E-01
        4        4        3      3.4677      3.4676        0.0961785589    0.2680868115E-01
        4        4        3      3.4677      3.4677        0.0480776064    0.9238302907E-02
        4        4        3      3.4677      3.4677        0.0000000478    0.1843471725E+00
        4        4        3      3.4677      3.4676        0.1155596124    0.7173610022E-01
        4        4        3      3.4677      3.4671        0.2313683214    0.2030964839E+00
        4        4        3      3.4677      3.4664        0.3466163989    0.3721228634E+00
        4        4        3      3.4677      3.4655        0.4611476176    0.5702871778E+00
        4        4        3      3.4677      3.4642        0.5747576531    0.7920619239E+00
        4        4        3      3.4677      3.4627        0.6872276468    0.1033153169E+01
        4        4        3      3.4677      3.4610        0.7983499715    0.1289926864E+01
        4        4        3      3.4677      3.4589        0.9079164495    0.1559107907E+01
        4        4        3      3.4677      3.4566        1.0157269806    0.1837658015E+01
        4        4        3      3.4677      3.4541        1.1215973350    0.2122722925E+01
        4        4        3      3.4677      3.4513        1.2253465968    0.2411561231E+01
        4        4        3      3.4677      3.4482        1.3268148797    0.2701575706E+01
        4        4        3      3.4677      3.4449        1.4258509981    0.2990278026E+01
        4        4        3      3.4677      3.4414        1.5223200331    0.3275318556E+01
        4        4        3      3.4677      3.4377        1.6161098784    0.3554522951E+01
        4        4        3      3.4677      3.4338        1.7071195248    0.3825879789E+01
        4        4        3      3.4677      3.4296        1.7952739541    0.4087610766E+01
        4        4        3      3.4677      3.4253        1.8805105522    0.4338158228E+01
        4        4        3      3.4677      3.4207        1.9627922854    0.4576252333E+01
        4        4        3      3.4677      3.4160        2.0420955212    0.4800902111E+01
        4        4        3      3.4677      3.4111        2.1184139447    0.5011432019E+01
        4        4        3      3.4677      3.4061        2.1917609842    0.5207509513E+01
        4        4        3      3.4677      3.4009        2.2621576980    0.5389129869E+01
        4        4        3      3.4677      3.3956        2.3296414403    0.5556653904E+01
        4        4        3      3.4677      3.3901        2.3942523481    0.5710784627E+01
        4        4        3      3.4677      3.3845        2.4560405167    0.5852594050E+01
        4        4        3      3.4677      3.3788        2.5150539396    0.5983500405E+01
        4        4        3      3.4677      3.3730        2.5713388574    0.6105271991E+01
        4        4        3      3.4677      3.3671        2.6249388888    0.6220019242E+01
        4        4        3      3.4677      3.3612        2.6758835059    0.6330148336E+01
        4        4        3      3.4677      3.3551        2.7241916244    0.6438315773E+01
        4        4        3      3.4677      3.3490        2.7698597186    0.6547290201E+01
        4        4        3      3.4677      3.3429        2.8128596687    0.6659731607E+01
        4        4        3      3.4677      3.3367        2.8531358824    0.6777807072E+01
        4        4        3      3.4677      3.3304        2.8905959794    0.6902557960E+01
        4        4        3      3.4677      3.3241        2.9251169380    0.7033054822E+01
        4        4        3      3.4677      3.3178        2.9565470735    0.7165401061E+01
        4        4        3      3.4677      3.3115        2.9847312114    0.7292084035E+01
        4        4        3      3.4677      3.3052        3.0095410265    0.7402331115E+01
        4        4        3      3.4677      3.2989        3.0309214781    0.7484162211E+01
        4        4        3      3.4677      3.2926        3.0489300784    0.7527774294E+01
        4        4        3      3.4677      3.2864        3.0637465375    0.7528592674E+01
        4        4        3      3.4677      3.2801        3.0756529491    0.7488196767E+01
        4        4        3      3.4677      3.2739        3.0849850039    0.7412826190E+01
        4        4        3      3.4677      3.2677        3.0920849959    0.7310807673E+01
        4        4        3      3.4677      3.2615        3.0972654072    0.7190400587E+01
        4        4        3      3.4677      3.2554        3.1007923196    0.7058631578E+01
        4        4        3      3.4677      3.2493        3.1028818003    0.6920966182E+01
        4        4        3      3.4677      3.2432        3.1037034412    0.6781467802E+01
        4        4        3      3.4677      3.2372        3.1033875655    0.6643079448E+01
        4        4        3      3.4677      3.2313        3.1020322021    0.6507947919E+01
        4        4        3      3.4677      3.2254        3.0997094419    0.6377665698E+01
        4        4        3      3.4677      3.2195        3.0964701341    0.6253447983E+01
        4        4        3      3.4677      3.2137        3.0923478583    0.6136275855E+01
        4        4        3      3.4677      3.2079        3.0873608897    0.6026956925E+01
        4        4        3      3.4677      3.2022        3.0815142731    0.5926185111E+01
        4        4        3      3.4677      3.1966        3.0747996446    0.5834534654E+01
        4        4        3      3.4677      3.1910        3.0671957902    0.5752455856E+01
        4        4        3      3.4677      3.1855        3.0586675595    0.5680222959E+01
        4        4        3      3.4677      3.1800        3.0491639465    0.5617859298E+01
        4        4        3      3.4677      3.1745        3.0386175792    0.5565054115E+01
        4        4        3      3.4677      3.1691        3.0269415380    0.5521053099E+01
        4        4        3      3.4677      3.1638        3.0140296375    0.5484584105E+01
        4        4        3      3.4677      3.1585        2.9997542834    0.5453823210E+01
        4        4        3      3.4677      3.1532        2.9839693390    0.5426469490E+01
        4        4        3      3.4677      3.1480        2.9665127235    0.5399933607E+01
        4        4        3      3.4677      3.1428        2.9472105250    0.5371630611E+01
        4        4        3      3.4677      3.1376        2.9258862324    0.5339308476E+01
        4        4        3      3.4677      3.1325        2.9023654520    0.5301298394E+01
        4        4        3      3.4677      3.1275        2.8764865684    0.5256628672E+01
        4        4        3      3.4677      3.1225        2.8481078093    0.5204983669E+01
        4        4        3      3.4677      3.1175        2.8171140208    0.5146572331E+01
        4        4        3      3.4677      3.1125        2.7834300103    0.5081998531E+01
        4        4        3      3.4677      3.1076        2.7470259292    0.5012155468E+01
        4        4        3      3.4677      3.1027        2.7079322471    0.4938181548E+01
        4        4        3      3.4677      3.0978        2.6662424992    0.4861412579E+01
        4        4        3      3.4677      3.0930        2.6221238591    0.4783342531E+01
        4        4        3      3.4677      3.0882        2.5758172140    0.4705546806E+01
        4        4        3      3.4677      3.0835        2.5276331341    0.4629587402E+01
        4        4        3      3.4677      3.0787        2.4779543344    0.4556930954E+01
        4        4        3      3.4677      3.0740        2.4272229163    0.4488858553E+01
        4        4        3      3.4677      3.0694        2.3759415282    0.4426420349E+01
        4        4        3      3.4677      3.0647        2.3155137849    0.3090334646E+01
        4        4        3      3.4677      3.0602        2.2447439311    0.7898154244E-04
        4        4        3      3.4677      3.0556        2.1751896502    0.8051923879E-04
        4        4        3      3.4677      3.0511        2.1077423715    0.8203466256E-04
        4        4        3      3.4677      3.0466        2.0433623110    0.8351799855E-04
        4        4        3      3.4677      3.0422        1.9830574512    0.8495316059E-04
        4        4        3      3.4677      3.0378        1.9381092528    0.4150441923E+01
        4        4        3      3.4677      3.0334        1.9381608013    0.4155590695E+01
        4        4        3      3.4677      3.0291        1.9381957750    0.4159461879E+01
        4        4        3      3.4677      3.0249        1.9382184142    0.4162073546E+01
        4        4        3      3.4677      3.0207        1.9382321070    0.4163531207E+01
        4        4        3      3.4677      3.0165        1.9382393212    0.4159952579E+01
        4        4        3      3.4677      3.0124        1.9382415580    0.4160100694E+01
        4        4        3      3.4677      3.0161        1.9407808448    0.4158395963E+01
        4        4        3      3.4677      3.0194        1.9483593005    0.4168086439E+01
        4        4        3      3.4677      3.0224        1.9608605024    0.4165905028E+01
        4        4        3      3.4677      3.0250        1.9780970513    0.4160725075E+01
        4        4        3      3.4677      3.0272        1.9998299370    0.4150745714E+01
        4        4        3      3.4677      3.0291        2.0295086847    0.2935192764E+01
        4        4        3      3.4677      3.0306        2.1129728760    0.3126243655E+00
        4        4        3      3.4677      3.0317        2.2032213132    0.5062174978E+00
        4        4        3      3.4677      3.0325        2.2970310501    0.1329104412E+01
        4        4        3      3.4677      3.0329        2.3791744724    0.3995487479E+01
        4        4        3      3.4677      3.0329        2.4502653262    0.4128042088E+01
        4        4        3      3.4677      3.0326        2.5207356083    0.4159699351E+01
        4        4        3      3.4677      3.0319        2.5901238060    0.4183562959E+01
        4        4        3      3.4677      3.0309        2.6576726728    0.4204010590E+01
        4        4        3      3.4677      3.0295        2.7227181927    0.4219947193E+01
        4        4        3      3.4677      3.0278        2.7847362774    0.4229552331E+01
        4        4        3      3.4677      3.0258        2.8433573625    0.4231254349E+01
        4        4        3      3.4677      3.0234        2.8983701894    0.4224151220E+01
        4        4        3      3.4677      3.0207        2.9497167163    0.4208188778E+01
        4        4        3      3.4677      3.0178        2.9974788010    0.4184095976E+01
        4        4        3      3.4677      3.0145        3.0418593909    0.4153061854E+01
        4        4        3      3.4677      3.0110        3.0831635331    0.4116164876E+01
        4        4        3      3.4677      3.0072        3.1217859726    0.4073556768E+01
        4        4        3      3.4677      3.0031        3.1582111279    0.4023354955E+01
        4        4        3      3.4677      2.9988        3.1930249719    0.3960245627E+01
        4        4        3      3.4677      2.9943        3.2269177506    0.3874403247E+01
        4        4        3      3.4677      2.9895        3.2606050698    0.3753125112E+01
        4        4        3      3.4677      2.9846        3.2945275199    0.3588037753E+01
        4        4        3      3.4677      2.9794        3.3282422930    0.3378209532E+01
        4        4        3      3.4677      2.9741        3.3597135464    0.3098900148E+01
        4        4        3      3.4677      2.9687        3.3854227358    0.2675794260E+01
        4        4        3      3.4677      2.9631        3.4033532942    0.2143281219E+01
        4        4        3      3.4677      2.9574        3.4151763144    0.1645444248E+01
        4        4        3      3.4677      2.9515        3.4232524115    0.1223260510E+01
        4        4        3      3.4677      2.9456        3.4289856727    0.8675613419E+00
        4        4        3      3.4677      2.9396        3.4331184710    0.5933513554E+00
        4        4        3      3.4677      2.9335        3.4360659687    0.4768702858E+00
        4        4        3      3.4677      2.9274        3.4380635223    0.5724007376E+00
        4        4        3      3.4677      2.9213        3.4392293495    0.7743786491E+00
        4        4        3      3.4677      2.9151        3.4395996914    0.9932043259E+00
        4        4        3      3.4677      2.9089        3.4391562147    0.1197111264E+01
        4        4        3      3.4677      2.9027        3.4378492739    0.1375945180E+01
        4        4        3      3.4677      2.8966        3.4356158721    0.1527300523E+01
        4        4        3      3.4677      2.8904        3.4323915051    0.1651969721E+01
        4        4        3      3.4677      2.8843        3.4281165742    0.1752050353E+01
        4        4        3      3.4677      2.8783        3.4227389044    0.1830030531E+01
        4        4        3      3.4677      2.8723        3.4162139320    0.1888340458E+01
        4        4        3      3.4677      2.8664        3.4085037383    0.1929151279E+01
        4        4        3      3.4677      2.8605        3.3995756766    0.1954304625E+01
        4        4        3      3.4677      2.8547        3.3894010072    0.1965306931E+01
        4        4        3      3.4677      2.8490        3.3779537486    0.1963352022E+01
        4        4        3      3.4677      2.8434        3.3652098416    0.1949352522E+01
        4        4        3      3.4677      2.8379        3.3511466702    0.1923970169E+01
        4        4        3      3.4677      2.8325        3.3357429645    0.1887640019E+01
        4        4        3      3.4677      2.8272        3.3189791170    0.1840585814E+01
        4        4        3      3.4677      2.8220        3.3008379582    0.1782824487E+01
        4        4        3      3.4677      2.8169        3.2813060712    0.1714157650E+01
        4        4        3      3.4677      2.8119        3.2603757714    0.1634147297E+01
        4        4        3      3.4677      2.8070        3.2380479523    0.1542072458E+01
        4        4        3      3.4677      2.8022        3.2143361027    0.1436864238E+01
        4        4        3      3.4677      2.7975        3.1892719532    0.1317021578E+01
        4        4        3      3.4677      2.7929        3.1629133877    0.1180526574E+01
        4        4        3      3.4677      2.7884        3.1353553887    0.1024824505E+01
        4        4        3      3.4677      2.7840        3.1067445661    0.8470543587E+00
        4        4        3      3.4677      2.7797        3.0772964908    0.6450429599E+00
        4        4        3      3.4677      2.7755        3.0473111448    0.4208862848E+00
        4        4        3      3.4677      2.7713        3.0171742596    0.2027002257E+00
        4        4        3      3.4677      2.7673        2.9873255498    0.2154765785E+00
        4        4        3      3.4677      2.7633        2.9581845100    0.4567132697E+00
        4        4        3      3.4677      2.7593        2.9300607836    0.7102634046E+00
        4        4        3      3.4677      2.7554        2.9031037882    0.9388448746E+00
        4        4        3      3.4677      2.7516        2.8773169531    0.1132719034E+01
        4        4        3      3.4677      2.7478        2.8526094752    0.1291751858E+01
        4        4        3      3.4677      2.7441        2.8288475434    0.1420281225E+01
        4        4        3      3.4677      2.7404        2.8058888005    0.1524060279E+01
        4        4        3      3.4677      2.7367        2.7836011056    0.1608670758E+01
        4        4        3      3.4677      2.7330        2.7618711218    0.1678888094E+01
        4        4        3      3.4677      2.7293        2.7406072104    0.1738541836E+01
        4        4        3      3.4677      2.7257        2.7197394319    0.1790590548E+01
        4        4        3      3.4677      2.7220        2.6992182619    0.1837267482E+01
        4        4        3      3.4677      2.7183        2.6790129021    0.1880232313E+01
        4        4        3      3.4677      2.7146        2.6591096120    0.1920703955E+01
        4        4        3      3.4677      2.7108        2.6395102235    0.1959567664E+01
        4        4        3      3.4677      2.7070        2.6202308473    0.1997456744E+01
        4        4        3      3.4677      2.7032        2.6013006990    0.2034811026E+01
        4        4        3      3.4677      2.6992        2.5827609533    0.2071913527E+01
        4        4        3      3.4677      2.6953        2.5646635509    0.2108904793E+01
        4        4        3      3.4677      2.6912        2.5470699718    0.2145772252E+01
        4        4        3      3.4677      2.6871        2.5300501487    0.2182310799E+01
        4        4        3      3.4677      2.6828        2.5136819698    0.2218053831E+01
        4        4        3      3.4677      2.6785        2.4980522016    0.2252186780E+01
        4        4        3      3.4677      2.6740        2.4832600178    0.2283485126E+01
        4        4        3      3.4677      2.6695        2.4694242242    0.2310365208E+01
        4        4        3      3.4677      2.6648        2.4566939462    0.2331165483E+01
        4        4        3      3.4677      2.6600        2.4452593691    0.2344706630E+01
        4        4        3      3.4677      2.6550        2.4353552576    0.2350952704E+01
        4        4        3      3.4677      2.6499        2.4272493201    0.2351355308E+01
        4        4        3      3.4677      2.6447        2.4212132753    0.2344246843E+01
        4        4        3      3.4677      2.6394        2.4174833076    0.2344379655E+01
        4        4        3      3.4677      2.6339        2.4162208280    0.2344208083E+01
        4        4        3      3.4677      2.6395        2.4167761216    0.2344172847E+01
        4        4        3      3.4677      2.6452        2.4184419728    0.2344081163E+01
        4        4        3      3.4677      2.6511        2.4212184388    0.2345161074E+01
        4        4        3      3.4677      2.6571        2.4251060991    0.2345471658E+01
        4        4        3      3.4677      2.6632        2.4301067650    0.2345983356E+01
        4        4        3      3.4677      2.6694        2.4362244411    0.2346870825E+01
        4        4        3      3.4677      2.6758        2.4434664995    0.2348318079E+01
        4        4        3      3.4677      2.6823        2.4518450089    0.2350503527E+01
        4        4        3      3.4677      2.6889        2.4613781331    0.2353579758E+01
        4        4        3      3.4677      2.6957        2.4720914756    0.2357647689E+01
        4        4        3      3.4677      2.7026        2.4840191963    0.2362724569E+01
        4        4        3      3.4677      2.7097        2.4958433168    0.1674953154E+01
        4        4        3      3.4677      2.7169        2.4946275608    0.1532999243E-01
        4        4        3      3.4677      2.7242        2.4932766391    0.1782175058E-01
        4        4        3      3.4677      2.7317        2.4917836313    0.2046815496E-01
        4        4        3      3.4677      2.7393        2.4901415415    0.2325317528E-01
        4        4        3      3.4677      2.7471        2.4883433233    0.2616001557E-01
        4        4        3      3.4677      2.7550        2.4863818980    0.2917144288E-01
        4        4        3      3.4677      2.7630        2.4842501676    0.3227004989E-01
        4        4        3      3.4677      2.7713        2.4819410221    0.3543846058E-01
        4        4        3      3.4677      2.7796        2.4794473421    0.3865948877E-01
        4        4        3      3.4677      2.7881        2.4767619963    0.4191625889E-01
        4        4        3      3.4677      2.7968        2.4738778348    0.4519229741E-01
        4        4        3      3.4677      2.8056        2.4707876785    0.1497253689E+01
        4        4        3      3.4677      2.8145        2.5077390497    0.2275515248E+01
        4        4        3      3.4677      2.8236        2.5487916394    0.2438757441E+01
        4        4        3      3.4677      2.8328        2.5887104129    0.2604518089E+01
        4        4        3      3.4677      2.8421        2.6273997059    0.2770888751E+01
        4        4        3      3.4677      2.8516        2.6647850522    0.2936204807E+01
        4        4        3      3.4677      2.8612        2.7008126693    0.3099097403E+01
        4        4        3      3.4677      2.8709        2.7354481866    0.3258526929E+01
        4        4        3      3.4677      2.8808        2.7686747217    0.3413793063E+01
        4        4        3      3.4677      2.8907        2.8004904853    0.3564520870E+01
        4        4        3      3.4677      2.9008        2.8309061312    0.3710626715E+01
        4        4        3      3.4677      2.9110        2.8599420662    0.3852270410E+01
        4        4        3      3.4677      2.9213        2.8876258982    0.3989800897E+01
        4        4        3      3.4677      2.9317        2.9139901477    0.4123701972E+01
        4        4        3      3.4677      2.9422        2.9390702934    0.4254542875E+01
        4        4        3      3.4677      2.9527        2.9629031702    0.4382936602E+01
        4        4        3      3.4677      2.9634        2.9855257056    0.4509507053E+01
        4        4        3      3.4677      2.9741        3.0069739521    0.4634864853E+01
        4        4        3      3.4677      2.9850        3.0272823655    0.4759590877E+01
        4        4        3      3.4677      2.9958        3.0464832726    0.4884226169E+01
        4        4        3      3.4677      3.0068        3.0646064767    0.5009266831E+01
        4        4        3      3.4677      3.0178        3.0816789515    0.5135162595E+01
        4        4        3      3.4677      3.0289        3.0977245820    0.5262317920E+01
        4        4        3      3.4677      3.0400        3.1127639134    0.5391094694E+01
        4        4        3      3.4677      3.0511        3.1268138744    0.5521815746E+01
        4        4        3      3.4677      3.0623        3.1398874401    0.5654768486E+01
        4        4        3      3.4677      3.0735        3.1519931974    0.5790208040E+01
        4        4        3      3.4677      3.0848        3.1631347682    0.5928359136E+01
        4        4        3      3.4677      3.0960        3.1733100311    0.6069415784E+01
        4        4        3      3.4677      3.1073        3.1825100587    0.6213537319E+01
        4        4        3      3.4677      3.1185        3.1907176490    0.6360838497E+01
        4        4        3      3.4677      3.1298        3.1979052648    0.6511369792E+01
        4        4        3      3.4677      3.1410        3.2040320913    0.6665081174E+01
        4        4        3      3.4677      3.1523        3.2090397478    0.6821757475E+01
        4        4        3      3.4677      3.1635        3.2128458964    0.6980903590E+01
        4        4        3      3.4677      3.1746        3.2153344895    0.7141539130E+01
        4        4        3      3.4677      3.1857        3.2163405424    0.7301826047E+01
        4        4        3      3.4677      3.1968        3.2156258924    0.7458384181E+01
        4        4        3      3.4677      3.2078        3.2128402055    0.7605026846E+01
        4        4        3      3.4677      3.2187        3.2074589168    0.7730470718E+01
        4        4        3      3.4677      3.2296        3.1986901944    0.7814518832E+01
        4        4        3      3.4677      3.2404        3.1853600255    0.7823220278E+01
        4        4        3      3.4677      3.2510        3.1658529682    0.7708256154E+01
        4        4        3      3.4677      3.2616        3.1383248281    0.7425001819E+01
        4        4        3      3.4677      3.2720        3.1013959583    0.6975673906E+01
        4        4        3      3.4677      3.2823        3.0549373678    0.6431013067E+01
        4        4        3      3.4677      3.2925        3.0000599505    0.5883074065E+01
        4        4        3      3.4677      3.3025        2.9383466235    0.5388891475E+01
        4        4        3      3.4677      3.3123        2.8712026585    0.4964177535E+01
        4        4        3      3.4677      3.3220        2.7996545688    0.4602749128E+01
        4        4        3      3.4677      3.3314        2.7243952390    0.4291903930E+01
        4        4        3      3.4677      3.3407        2.6458819965    0.4019191805E+01
        4        4        3      3.4677      3.3497        2.5644183570    0.3774397947E+01
        4        4        3      3.4677      3.3585        2.4802100269    0.3549688204E+01
        4        4        3      3.4677      3.3670        2.3934011379    0.3339229931E+01
        4        4        3      3.4677      3.3753        2.3040975443    0.3138751762E+01
        4        4        3      3.4677      3.3833        2.2123820387    0.2945172530E+01
        4        4        3      3.4677      3.3910        2.1183245327    0.2756317300E+01
        4        4        3      3.4677      3.3985        2.0219890427    0.2570707003E+01
        4        4        3      3.4677      3.4056        1.9234385806    0.2387403466E+01
        4        4        3      3.4677      3.4123        1.8227386143    0.2205894286E+01
        4        4        3      3.4677      3.4188        1.7199595060    0.2026006087E+01
        4        4        3      3.4677      3.4249        1.6151781887    0.1847838125E+01
        4        4        3      3.4677      3.4306        1.5084792545    0.1671710872E+01
        4        4        3      3.4677      3.4359        1.3999555761    0.1498126075E+01
        4        4        3      3.4677      3.4409        1.2897085554    0.1327736118E+01
        4        4        3      3.4677      3.4455        1.1778480725    0.1161321481E+01
        4        4        3      3.4677      3.4496        1.0644921927    0.9997758829E+00
        4        4        3      3.4677      3.4534        0.9497666828    0.8440995298E+00
        4        4        3      3.4677      3.4567        0.8338043696    0.6954019525E+00
        4        4        3      3.4677      3.4596        0.7167443667    0.5549178249E+00
        4        4        3      3.4677      3.4621        0.5987311854    0.4240428767E+00
        4        4        3      3.4677      3.4641        0.4799137931    0.3044056756E+00
        4        4        3      3.4677      3.4657        0.3604451258    0.1980146973E+00
        4        4        3      3.4677      3.4668        0.2404858511    0.1076015081E+00
        4        4        3      3.4677      3.4675        0.1202366673    0.3764874364E-01
        4        4        3      3.4677      3.4677        0.0000000478    0.1843471725E+00
        4        4        3      3.4677      3.4675        0.1025204114    0.4513440919E-02
        4        4        3      3.4677      3.4669        0.2145320251    0.5150347155E-01
        4        4        3      3.4677      3.4658        0.3363439296    0.9596519740E-01
        4        4        3      3.4677      3.4644        0.4550605181    0.1455602221E+00
        4        4        3      3.4677      3.4626        0.5718247237    0.2006254080E+00
        4        4        3      3.4677      3.4603        0.6870861021    0.2599362275E+00
        4        4        3      3.4677      3.4577        0.8009482999    0.3223539205E+00
        4        4        3      3.4677      3.4546        0.9133811473    0.3868150057E+00
        4        4        3      3.4677      3.4512        1.0242961390    0.4523023747E+00
        4        4        3      3.4677      3.4474        1.1335773347    0.5178280624E+00
        4        4        3      3.4677      3.4432        1.2410958050    0.5824244378E+00
        4        4        3      3.4677      3.4387        1.3467172565    0.6451409876E+00
        4        4        3      3.4677      3.4338        1.4503065785    0.7050451853E+00
        4        4        3      3.4677      3.4285        1.5517309190    0.7612267137E+00
        4        4        3      3.4677      3.4229        1.6508620264    0.8128046629E+00
        4        4        3      3.4677      3.4170        1.7475782015    0.8589374090E+00
        4        4        3      3.4677      3.4108        1.8417659983    0.8988347494E+00
        4        4        3      3.4677      3.4042        1.9333216986    0.9317716014E+00
        4        4        3      3.4677      3.3974        2.0221525133    0.9571022239E+00
        4        4        3      3.4677      3.3903        2.1081774222    0.9742736086E+00
        4        4        3      3.4677      3.3829        2.1913275454    0.9828365465E+00
        4        4        3      3.4677      3.3753        2.2715459440    0.9824530425E+00
        4        4        3      3.4677      3.3674        2.3487867632    0.9728994002E+00
        4        4        3      3.4677      3.3592        2.4230136607    0.9540655904E+00
        4        4        3      3.4677      3.3509        2.4941974798    0.9259537737E+00
        4        4        3      3.4677      3.3423        2.5623131313    0.8886827552E+00
        4        4        3      3.4677      3.3335        2.6273356114    0.8425124143E+00
        4        4        3      3.4677      3.3246        2.6892350053    0.7879167997E+00
        4        4        3      3.4677      3.3154        2.7479701851    0.7257659088E+00
        4        4        3      3.4677      3.3061        2.8034807164    0.6577442663E+00
        4        4        3      3.4677      3.2967        2.8556762461    0.5872726872E+00
        4        4        3      3.4677      3.2870        2.9044224774    0.5213884966E+00
        4        4        3      3.4677      3.2773        2.9495230528    0.4736923753E+00
        4        4        3      3.4677      3.2674        2.9906981711    0.4649741337E+00
        4        4        3      3.4677      3.2574        3.0275654617    0.5121232883E+00
        4        4        3      3.4677      3.2473        3.0596391751    0.6105538791E+00
        4        4        3      3.4677      3.2371        3.0863785851    0.7348857145E+00
        4        4        3      3.4677      3.2268        3.1073163481    0.8509595901E+00
        4        4        3      3.4677      3.2165        3.1222446375    0.9261341701E+00
        4        4        3      3.4677      3.2060        3.1313470953    0.9408189354E+00
        4        4        3      3.4677      3.1955        3.1351692384    0.8960542115E+00
        4        4        3      3.4677      3.1849        3.1344605309    0.8098070342E+00
        4        4        3      3.4677      3.1743        3.1300082471    0.7058010656E+00
        4        4        3      3.4677      3.1637        3.1225315730    0.6038961457E+00
        4        4        3      3.4677      3.1530        3.1126361449    0.5162243184E+00
        4        4        3      3.4677      3.1423        3.1008082495    0.4477550372E+00
        4        4        3      3.4677      3.1315        3.0874297353    0.3985262156E+00
        4        4        3      3.4677      3.1208        3.0728002385    0.3659152227E+00
        4        4        3      3.4677      3.1100        3.0571590342    0.3464504297E+00
        4        4        3      3.4677      3.0993        3.0407033272    0.3370167982E+00
        4        4        3      3.4677      3.0885        3.0236024162    0.3354065496E+00
        4        4        3      3.4677      3.0778        3.0060082578    0.3403436977E+00
        4        4        3      3.4677      3.0670        2.9880632038    0.3512276659E+00
        4        4        3      3.4677      3.0563        2.9699055656    0.3678095160E+00
        4        4        3      3.4677      3.0456        2.9516734411    0.3899224796E+00
        4        4        3      3.4677      3.0350        2.9335070091    0.4173111300E+00
        4        4        3      3.4677      3.0244        2.9155493088    0.4495547170E+00
        4        4        3      3.4677      3.0138        2.8979453887    0.4860566489E+00
        4        4        3      3.4677      3.0033        2.8808396795    0.5260698108E+00
        4        4        3      3.4677      2.9929        2.8643715439    0.5687378265E+00
        4        4        3      3.4677      2.9825        2.8486692237    0.6131445995E+00
        4        4        3      3.4677      2.9722        2.8338428107    0.6583712637E+00
        4        4        3      3.4677      2.9619        2.8199773041    0.7035595334E+00
        4        4        3      3.4677      2.9517        2.8071270761    0.7479759815E+00
        4        4        3      3.4677      2.9416        2.7953129615    0.7910674291E+00
        4        4        3      3.4677      2.9316        2.7845226506    0.8324972608E+00
        4        4        3      3.4677      2.9217        2.7747142617    0.8721573213E+00
        4        4        3      3.4677      2.9118        2.7658222334    0.9101582669E+00
        4        4        3      3.4677      2.9021        2.7577642685    0.9468106197E+00
        4        4        3      3.4677      2.8925        2.7504480948    0.9826247836E+00
        4        4        3      3.4677      2.8829        2.7437771332    0.1018443464E+01
        4        4        3      3.4677      2.8735        2.7376544649    0.1057100056E+01
        4        4        3      3.4677      2.8642        2.7195995988    0.1833719871E+01
        4        4        3      3.4677      2.8550        2.6780499538    0.1837962520E+01
        4        4        3      3.4677      2.8459        2.6356723433    0.1842229911E+01
        4        4        3      3.4677      2.8370        2.5925083913    0.1843326024E+01
        4        4        3      3.4677      2.8281        2.5486054983    0.1841413419E+01
        4        4        3      3.4677      2.8194        2.5040195521    0.1836931875E+01
        4        4        3      3.4677      2.8108        2.4866709017    0.5097834519E-01
        4        4        3      3.4677      2.8024        2.4877330257    0.4809104335E-01
        4        4        3      3.4677      2.7940        2.4886564865    0.4516379776E-01
        4        4        3      3.4677      2.7858        2.4894453048    0.4220844424E-01
        4        4        3      3.4677      2.7778        2.4901037910    0.3923762327E-01
        4        4        3      3.4677      2.7698        2.4906367037    0.3626478333E-01
        4        4        3      3.4677      2.7620        2.4910494285    0.3330417584E-01
        4        4        3      3.4677      2.7544        2.4913481736    0.3037083504E-01
        4        4        3      3.4677      2.7468        2.4915401733    0.2748053236E-01
        4        4        3      3.4677      2.7394        2.4916338871    0.2464968766E-01
        4        4        3      3.4677      2.7321        2.4916391736    0.2189521029E-01
        4        4        3      3.4677      2.7250        2.4915674134    0.1923423023E-01
        4        4        3      3.4677      2.7179        2.4914315513    0.1668366362E-01
        4        4        3      3.4677      2.7110        2.4912460217    0.1425954219E-01
        4        4        3      3.4677      2.7042        2.4910265272    0.1197602691E-01
        4        4        3      3.4677      2.6976        2.4907896466    0.9844035708E-02
        4        4        3      3.4677      2.6910        2.4905522653    0.7869461688E-02
        4        4        3      3.4677      2.6846        2.4903308453    0.6051068652E-02
        4        4        3      3.4677      2.6783        2.4901405781    0.4378345535E-02
        4        4        3      3.4677      2.6721        2.4899944937    0.2829867712E-02
        4        4        3      3.4677      2.6661        2.4899026171    0.3031882990E-01
        4        4        3      3.4677      2.6601        2.4898712711    0.4188899328E-04
