        4        4        1      3.4677      3.4677       -0.0962060380    0.0000000000E+00
        4        4        1      3.4677      3.4677       -0.0842681733    0.0000000000E+00
        4        4        1      3.4677      3.4676       -0.0256427707    0.0000000000E+00
        4        4        1      3.4677      3.4674        0.0998394766    0.2603585161E-01
        4        4        1      3.4677      3.4672        0.1554323310    0.1983954680E-01
        4        4        1      3.4677      3.4669        0.2005201421    0.1129597204E-01
        4        4        1      3.4677      3.4665        0.2419868770    0.6438795071E-02
        4        4        1      3.4677      3.4661        0.2820446182    0.4011205992E-02
        4        4        1      3.4677      3.4656        0.3219505121    0.2543447625E-02
        4        4        1      3.4677      3.4650        0.3616859711    0.1839809850E-02
        4        4        1      3.4677      3.4644        0.4012319335    0.2079960167E-02
        4        4        1      3.4677      3.4637        0.4405692145    0.2924070533E-02
        4        4        1      3.4677      3.4630        0.4796786975    0.3991495839E-02
        4        4        1      3.4677      3.4621        0.5185414495    0.5159159110E-02
        4        4        1      3.4677      3.4613        0.5571388014    0.6394705095E-02
        4        4        1      3.4677      3.4603        0.5954524068    0.7689824314E-02
        4        4        1      3.4677      3.4593        0.6334642912    0.9043063436E-02
        4        4        1      3.4677      3.4582        0.6711568933    0.1045492919E-01
        4        4        1      3.4677      3.4571        0.7085131033    0.1192629995E-01
        4        4        1      3.4677      3.4559        0.7455162974    0.4823803845E-02
        4        4        1      3.4677      3.4546        0.7821503714    0.5288760054E-02
        4        4        1      3.4677      3.4533        0.8183997718    0.5773291194E-02
        4        4        1      3.4677      3.4519        0.8542495262    0.6277019506E-02
        4        4        1      3.4677      3.4505        0.8896852726    0.6799496562E-02
        4        4        1      3.4677      3.4489        0.9246932867    0.7340212684E-02
        4        4        1      3.4677      3.4474        0.9592605088    0.7898607757E-02
        4        4        1      3.4677      3.4458        0.9933745687    0.8474083170E-02
        4        4        1      3.4677      3.4441        1.0270238095    0.9066014668E-02
        4        4        1      3.4677      3.4423        1.0601973093    0.9673765796E-02
        4        4        1      3.4677      3.4405        1.0928849010    0.1029670166E-01
        4        4        1      3.4677      3.4387        1.1250771908    0.1093420265E-01
        4        4        1      3.4677      3.4367        1.1567655738    0.1158567784E-01
        4        4        1      3.4677      3.4348        1.1879422467    0.1225057762E-01
        4        4        1      3.4677      3.4327        1.2186002195    0.1292840536E-01
        4        4        1      3.4677      3.4306        1.2487333227    0.1361872763E-01
        4        4        1      3.4677      3.4285        1.2783362127    0.1432118273E-01
        4        4        1      3.4677      3.4263        1.3074043741    0.1503548731E-01
        4        4        1      3.4677      3.4241        1.3359341182    0.1576144075E-01
        4        4        1      3.4677      3.4218        1.3639225792    0.1649892717E-01
        4        4        1      3.4677      3.4194        1.3913677067    0.1724791500E-01
        4        4        1      3.4677      3.4170        1.4182682549    0.1800845402E-01
        4        4        1      3.4677      3.4146        1.4446237689    0.1878066994E-01
        4        4        1      3.4677      3.4121        1.4704345680    0.1956475667E-01
        4        4        1      3.4677      3.4095        1.4957017257    0.2036096644E-01
        4        4        1      3.4677      3.4069        1.5204270466    0.2116959811E-01
        4        4        1      3.4677      3.4042        1.5446130415    0.2199098392E-01
        4        4        1      3.4677      3.4015        1.5682628990    0.2282547514E-01
        4        4        1      3.4677      3.3988        1.5913804558    0.2367342710E-01
        4        4        1      3.4677      3.3960        1.6139701640    0.2453518385E-01
        4        4        1      3.4677      3.3932        1.6360370576    0.2541106316E-01
        4        4        1      3.4677      3.3903        1.6575867170    0.2630134204E-01
        4        4        1      3.4677      3.3932        1.6360370576    0.2541106316E-01
        4        4        1      3.4677      3.3960        1.6139701640    0.2453518385E-01
        4        4        1      3.4677      3.3988        1.5913804558    0.2367342710E-01
        4        4        1      3.4677      3.4015        1.5682628990    0.2282547514E-01
        4        4        1      3.4677      3.4042        1.5446130415    0.2199098392E-01
        4        4        1      3.4677      3.4069        1.5204270466    0.2116959811E-01
        4        4        1      3.4677      3.4095        1.4957017257    0.2036096644E-01
        4        4        1      3.4677      3.4121        1.4704345680    0.1956475667E-01
        4        4        1      3.4677      3.4146        1.4446237689    0.1878066994E-01
        4        4        1      3.4677      3.4170        1.4182682549    0.1800845402E-01
        4        4        1      3.4677      3.4194        1.3913677067    0.1724791500E-01
        4        4        1      3.4677      3.4218        1.3639225792    0.1649892717E-01
        4        4        1      3.4677      3.4241        1.3359341182    0.1576144075E-01
        4        4        1      3.4677      3.4263        1.3074043741    0.1503548731E-01
        4        4        1      3.4677      3.4285        1.2783362127    0.1432118273E-01
        4        4        1      3.4677      3.4306        1.2487333227    0.1361872763E-01
        4        4        1      3.4677      3.4327        1.2186002195    0.1292840536E-01
        4        4        1      3.4677      3.4348        1.1879422467    0.1225057762E-01
        4        4        1      3.4677      3.4367        1.1567655738    0.1158567784E-01
        4        4        1      3.4677      3.4387        1.1250771908    0.1093420265E-01
        4        4        1      3.4677      3.4405        1.0928849010    0.1029670166E-01
        4        4        1      3.4677      3.4423        1.0601973093    0.9673765796E-02
        4        4        1      3.4677      3.4441        1.0270238095    0.9066014668E-02
        4        4        1      3.4677      3.4458        0.9933745687    0.8474083170E-02
        4        4        1      3.4677      3.4474        0.9592605088    0.7898607757E-02
        4        4        1      3.4677      3.4489        0.9246932867    0.7340212684E-02
        4        4        1      3.4677      3.4505        0.8896852726    0.6799496562E-02
        4        4        1      3.4677      3.4519        0.8542495262    0.6277019506E-02
        4        4        1      3.4677      3.4533        0.8183997718    0.5773291194E-02
        4        4        1      3.4677      3.4546        0.7821503714    0.5288760054E-02
        4        4        1      3.4677      3.4559        0.7455162974    0.4823803845E-02
        4        4        1      3.4677      3.4571        0.7085131033    0.1192629995E-01
        4        4        1      3.4677      3.4582        0.6711568933    0.1045492919E-01
        4        4        1      3.4677      3.4593        0.6334642912    0.9043063436E-02
        4        4        1      3.4677      3.4603        0.5954524068    0.7689824314E-02
        4        4        1      3.4677      3.4613        0.5571388014    0.6394705095E-02
        4        4        1      3.4677      3.4621        0.5185414495    0.5159159110E-02
        4        4        1      3.4677      3.4630        0.4796786975    0.3991495839E-02
        4        4        1      3.4677      3.4637        0.4405692145    0.2924070533E-02
        4        4        1      3.4677      3.4644        0.4012319335    0.2079960167E-02
        4        4        1      3.4677      3.4650        0.3616859711    0.1839809850E-02
        4        4        1      3.4677      3.4656        0.3219505121    0.2543447625E-02
        4        4        1      3.4677      3.4661        0.2820446182    0.4011205992E-02
        4        4        1      3.4677      3.4665        0.2419868770    0.6438795071E-02
        4        4        1      3.4677      3.4669        0.2005201421    0.1129597204E-01
        4        4        1      3.4677      3.4672        0.1554323310    0.1983954680E-01
        4        4        1      3.4677      3.4674        0.0998394766    0.2603585161E-01
        4        4        1      3.4677      3.4676       -0.0256427707    0.0000000000E+00
        4        4        1      3.4677      3.4677       -0.0842681733    0.0000000000E+00
        4        4        1      3.4677      3.4677       -0.0962060380    0.0000000000E+00
        4        4        1      3.4677      3.4677       -0.0906066394    0.0000000000E+00
        4        4        1      3.4677      3.4676       -0.0712360174    0.0000000000E+00
        4        4        1      3.4677      3.4675        0.0118731132    0.4832996173E-01
        4        4        1      3.4677      3.4674        0.0861639640    0.3106007594E-01
        4        4        1      3.4677      3.4672        0.1294518784    0.3884810340E-01
        4        4        1      3.4677      3.4670        0.1676885550    0.4849447924E-01
        4        4        1      3.4677      3.4667        0.2036718721    0.5931842437E-01
        4        4        1      3.4677      3.4664        0.2383578324    0.7111489620E-01
        4        4        1      3.4677      3.4661        0.2721762310    0.8378175945E-01
        4        4        1      3.4677      3.4657        0.3053488850    0.9725366266E-01
        4        4        1      3.4677      3.4653        0.3379995983    0.1114828944E+00
        4        4        1      3.4677      3.4648        0.3702004471    0.1264319482E+00
        4        4        1      3.4677      3.4643        0.4019939580    0.1420699590E+00
        4        4        1      3.4677      3.4638        0.4334047733    0.1583707070E+00
        4        4        1      3.4677      3.4632        0.4644462395    0.1753113651E+00
        4        4        1      3.4677      3.4626        0.4951243441    0.1928716452E+00
        4        4        1      3.4677      3.4619        0.5254401818    0.2110331819E+00
        4        4        1      3.4677      3.4613        0.5553915598    0.2297790668E+00
        4        4        1      3.4677      3.4605        0.5849740803    0.2490934864E+00
        4        4        1      3.4677      3.4598        0.6141818918    0.2689614344E+00
        4        4        1      3.4677      3.4590        0.6430082251    0.2893684782E+00
        4        4        1      3.4677      3.4581        0.6714457840    0.3103005700E+00
        4        4        1      3.4677      3.4572        0.6994870375    0.3317438908E+00
        4        4        1      3.4677      3.4563        0.7271244411    0.3536847243E+00
        4        4        1      3.4677      3.4554        0.7543506075    0.3761093539E+00
        4        4        1      3.4677      3.4544        0.7811584401    0.3990039809E+00
        4        4        1      3.4677      3.4534        0.8075412380    0.4223546607E+00
        4        4        1      3.4677      3.4523        0.8334927788    0.4461472554E+00
        4        4        1      3.4677      3.4512        0.8590073842    0.4703674007E+00
        4        4        1      3.4677      3.4501        0.8840799714    0.4950004858E+00
        4        4        1      3.4677      3.4489        0.9087060924    0.5200316448E+00
        4        4        1      3.4677      3.4477        0.9328819635    0.5454457582E+00
        4        4        1      3.4677      3.4465        0.9566044858    0.5712274644E+00
        4        4        1      3.4677      3.4452        0.9798712586    0.5973611778E+00
        4        4        1      3.4677      3.4439        1.0026805850    0.6238311151E+00
        4        4        1      3.4677      3.4426        1.0250314724    0.6506213260E+00
        4        4        1      3.4677      3.4412        1.0469236271    0.6777157299E+00
        4        4        1      3.4677      3.4398        1.0683574433    0.7050981547E+00
        4        4        1      3.4677      3.4384        1.0893339886    0.7327523789E+00
        4        4        1      3.4677      3.4369        1.1098549847    0.7606621752E+00
        4        4        1      3.4677      3.4354        1.1299227851    0.7888113547E+00
        4        4        1      3.4677      3.4339        1.1495403488    0.8171838103E+00
        4        4        1      3.4677      3.4324        1.1687112124    0.8457635596E+00
        4        4        1      3.4677      3.4308        1.1874394590    0.8745347863E+00
        4        4        1      3.4677      3.4292        1.2057296855    0.9034818789E+00
        4        4        1      3.4677      3.4276        1.2235869684    0.9325894667E+00
        4        4        1      3.4677      3.4259        1.2410168287    0.9618424529E+00
        4        4        1      3.4677      3.4242        1.2580251955    0.9912260442E+00
        4        4        1      3.4677      3.4225        1.2746183702    0.1020725777E+01
        4        4        1      3.4677      3.4207        1.2908029891    0.7426937264E+00
        4        4        1      3.4677      3.4225        1.2746183702    0.1020725777E+01
        4        4        1      3.4677      3.4242        1.2580251955    0.9912260442E+00
        4        4        1      3.4677      3.4259        1.2410168287    0.9618424529E+00
        4        4        1      3.4677      3.4276        1.2235869684    0.9325894667E+00
        4        4        1      3.4677      3.4292        1.2057296855    0.9034818789E+00
        4        4        1      3.4677      3.4308        1.1874394590    0.8745347863E+00
        4        4        1      3.4677      3.4324        1.1687112124    0.8457635596E+00
        4        4        1      3.4677      3.4339        1.1495403488    0.8171838103E+00
        4        4        1      3.4677      3.4354        1.1299227851    0.7888113547E+00
        4        4        1      3.4677      3.4369        1.1098549847    0.7606621752E+00
        4        4        1      3.4677      3.4384        1.0893339886    0.7327523789E+00
        4        4        1      3.4677      3.4398        1.0683574433    0.7050981547E+00
        4        4        1      3.4677      3.4412        1.0469236271    0.6777157299E+00
        4        4        1      3.4677      3.4426        1.0250314724    0.6506213260E+00
        4        4        1      3.4677      3.4439        1.0026805850    0.6238311151E+00
        4        4        1      3.4677      3.4452        0.9798712586    0.5973611778E+00
        4        4        1      3.4677      3.4465        0.9566044858    0.5712274644E+00
        4        4        1      3.4677      3.4477        0.9328819635    0.5454457582E+00
        4        4        1      3.4677      3.4489        0.9087060924    0.5200316448E+00
        4        4        1      3.4677      3.4501        0.8840799714    0.4950004858E+00
        4        4        1      3.4677      3.4512        0.8590073842    0.4703674007E+00
        4        4        1      3.4677      3.4523        0.8334927788    0.4461472554E+00
        4        4        1      3.4677      3.4534        0.8075412380    0.4223546607E+00
        4        4        1      3.4677      3.4544        0.7811584401    0.3990039809E+00
        4        4        1      3.4677      3.4554        0.7543506075    0.3761093539E+00
        4        4        1      3.4677      3.4563        0.7271244411    0.3536847243E+00
        4        4        1      3.4677      3.4572        0.6994870375    0.3317438908E+00
        4        4        1      3.4677      3.4581        0.6714457840    0.3103005700E+00
        4        4        1      3.4677      3.4590        0.6430082251    0.2893684782E+00
        4        4        1      3.4677      3.4598        0.6141818918    0.2689614344E+00
        4        4        1      3.4677      3.4605        0.5849740803    0.2490934864E+00
        4        4        1      3.4677      3.4613        0.5553915598    0.2297790668E+00
        4        4        1      3.4677      3.4619        0.5254401818    0.2110331819E+00
        4        4        1      3.4677      3.4626        0.4951243441    0.1928716452E+00
        4        4        1      3.4677      3.4632        0.4644462395    0.1753113651E+00
        4        4        1      3.4677      3.4638        0.4334047733    0.1583707070E+00
        4        4        1      3.4677      3.4643        0.4019939580    0.1420699590E+00
        4        4        1      3.4677      3.4648        0.3702004471    0.1264319482E+00
        4        4        1      3.4677      3.4653        0.3379995983    0.1114828944E+00
        4        4        1      3.4677      3.4657        0.3053488850    0.9725366266E-01
        4        4        1      3.4677      3.4661        0.2721762310    0.8378175945E-01
        4        4        1      3.4677      3.4664        0.2383578324    0.7111489620E-01
        4        4        1      3.4677      3.4667        0.2036718721    0.5931842437E-01
        4        4        1      3.4677      3.4670        0.1676885550    0.4849447924E-01
        4        4        1      3.4677      3.4672        0.1294518784    0.3884810340E-01
        4        4        1      3.4677      3.4674        0.0861639640    0.3106007594E-01
        4        4        1      3.4677      3.4675        0.0118731132    0.4832996173E-01
        4        4        1      3.4677      3.4676       -0.0712360174    0.0000000000E+00
        4        4        1      3.4677      3.4677       -0.0906066394    0.0000000000E+00
        4        4        1      3.4677      3.4677       -0.0962060380    0.0000000000E+00
        4        4        1      3.4677      3.4677       -0.0873145169    0.0000000000E+00
        4        4        1      3.4677      3.4676       -0.0523160279    0.0000000000E+00
        4        4        1      3.4677      3.4674        0.0734045329    0.1613950944E-01
        4        4        1      3.4677      3.4671        0.1293689897    0.1998477381E-01
        4        4        1      3.4677      3.4668        0.1768976679    0.1793343311E-01
        4        4        1      3.4677      3.4664        0.2168333360    0.2204386049E-01
        4        4        1      3.4677      3.4659        0.2527388926    0.6379548780E-02
        4        4        1      3.4677      3.4654        0.2885082282    0.7820638690E-02
        4        4        1      3.4677      3.4648        0.3241254222    0.9342454360E-02
        4        4        1      3.4677      3.4641        0.3595740499    0.1093765312E-01
        4        4        1      3.4677      3.4633        0.3948375758    0.1259942027E-01
        4        4        1      3.4677      3.4625        0.4298995659    0.1432133628E-01
        4        4        1      3.4677      3.4616        0.4647438171    0.1609727791E-01
        4        4        1      3.4677      3.4606        0.4993544432    0.1792134465E-01
        4        4        1      3.4677      3.4596        0.5337159387    0.1978780403E-01
        4        4        1      3.4677      3.4585        0.5678132288    0.2169105143E-01
        4        4        1      3.4677      3.4573        0.6016317104    0.2362558107E-01
        4        4        1      3.4677      3.4561        0.6351572882    0.2558596593E-01
        4        4        1      3.4677      3.4548        0.6683764056    0.2756684496E-01
        4        4        1      3.4677      3.4534        0.7012760727    0.2956291629E-01
        4        4        1      3.4677      3.4519        0.7338438912    0.3156893552E-01
        4        4        1      3.4677      3.4504        0.7660680766    0.3357971822E-01
        4        4        1      3.4677      3.4488        0.7979374784    0.3559014620E-01
        4        4        1      3.4677      3.4472        0.8294415967    0.3759517676E-01
        4        4        1      3.4677      3.4455        0.8605705976    0.3958985465E-01
        4        4        1      3.4677      3.4437        0.8913153255    0.4156932614E-01
        4        4        1      3.4677      3.4418        0.9216673132    0.4352885491E-01
        4        4        1      3.4677      3.4399        0.9516187890    0.4546383915E-01
        4        4        1      3.4677      3.4380        0.9811626820    0.4736982973E-01
        4        4        1      3.4677      3.4359        1.0102926244    0.4924254893E-01
        4        4        1      3.4677      3.4338        1.0390029514    0.5107790928E-01
        4        4        1      3.4677      3.4317        1.0672886985    0.5287203240E-01
        4        4        1      3.4677      3.4295        1.0951455965    0.5462126724E-01
        4        4        1      3.4677      3.4272        1.1225700639    0.5632220766E-01
        4        4        1      3.4677      3.4249        1.1495591966    0.5797170884E-01
        4        4        1      3.4677      3.4225        1.1761107560    0.5956690245E-01
        4        4        1      3.4677      3.4200        1.2022231543    0.6110521019E-01
        4        4        1      3.4677      3.4175        1.2278954379    0.6258435564E-01
        4        4        1      3.4677      3.4150        1.2531272689    0.6400237416E-01
        4        4        1      3.4677      3.4123        1.2779189045    0.6535762080E-01
        4        4        1      3.4677      3.4097        1.3022711750    0.6664877596E-01
        4        4        1      3.4677      3.4069        1.3261854606    0.6787484902E-01
        4        4        1      3.4677      3.4042        1.3496636658    0.6903517957E-01
        4        4        1      3.4677      3.4013        1.3727081941    0.7012943657E-01
        4        4        1      3.4677      3.3985        1.3953219208    0.7115761521E-01
        4        4        1      3.4677      3.3955        1.4175081652    0.7212003172E-01
        4        4        1      3.4677      3.3925        1.4392706625    0.7301731608E-01
        4        4        1      3.4677      3.3895        1.4606135355    0.7385040279E-01
        4        4        1      3.4677      3.3864        1.4815412654    0.7462051980E-01
        4        4        1      3.4677      3.3833        1.5020586633    0.7532917574E-01
        4        4        1      3.4677      3.3864        1.4815412654    0.7462051980E-01
        4        4        1      3.4677      3.3895        1.4606135355    0.7385040279E-01
        4        4        1      3.4677      3.3925        1.4392706625    0.7301731608E-01
        4        4        1      3.4677      3.3955        1.4175081652    0.7212003172E-01
        4        4        1      3.4677      3.3985        1.3953219208    0.7115761521E-01
        4        4        1      3.4677      3.4013        1.3727081941    0.7012943657E-01
        4        4        1      3.4677      3.4042        1.3496636658    0.6903517957E-01
        4        4        1      3.4677      3.4069        1.3261854606    0.6787484902E-01
        4        4        1      3.4677      3.4097        1.3022711750    0.6664877596E-01
        4        4        1      3.4677      3.4123        1.2779189045    0.6535762080E-01
        4        4        1      3.4677      3.4150        1.2531272689    0.6400237416E-01
        4        4        1      3.4677      3.4175        1.2278954379    0.6258435564E-01
        4        4        1      3.4677      3.4200        1.2022231543    0.6110521019E-01
        4        4        1      3.4677      3.4225        1.1761107560    0.5956690245E-01
        4        4        1      3.4677      3.4249        1.1495591966    0.5797170884E-01
        4        4        1      3.4677      3.4272        1.1225700639    0.5632220766E-01
        4        4        1      3.4677      3.4295        1.0951455965    0.5462126724E-01
        4        4        1      3.4677      3.4317        1.0672886985    0.5287203240E-01
        4        4        1      3.4677      3.4338        1.0390029514    0.5107790928E-01
        4        4        1      3.4677      3.4359        1.0102926244    0.4924254893E-01
        4        4        1      3.4677      3.4380        0.9811626820    0.4736982973E-01
        4        4        1      3.4677      3.4399        0.9516187890    0.4546383915E-01
        4        4        1      3.4677      3.4418        0.9216673132    0.4352885491E-01
        4        4        1      3.4677      3.4437        0.8913153255    0.4156932614E-01
        4        4        1      3.4677      3.4455        0.8605705976    0.3958985465E-01
        4        4        1      3.4677      3.4472        0.8294415967    0.3759517676E-01
        4        4        1      3.4677      3.4488        0.7979374784    0.3559014620E-01
        4        4        1      3.4677      3.4504        0.7660680766    0.3357971822E-01
        4        4        1      3.4677      3.4519        0.7338438912    0.3156893552E-01
        4        4        1      3.4677      3.4534        0.7012760727    0.2956291629E-01
        4        4        1      3.4677      3.4548        0.6683764056    0.2756684496E-01
        4        4        1      3.4677      3.4561        0.6351572882    0.2558596593E-01
        4        4        1      3.4677      3.4573        0.6016317104    0.2362558107E-01
        4        4        1      3.4677      3.4585        0.5678132288    0.2169105143E-01
        4        4        1      3.4677      3.4596        0.5337159387    0.1978780403E-01
        4        4        1      3.4677      3.4606        0.4993544432    0.1792134465E-01
        4        4        1      3.4677      3.4616        0.4647438171    0.1609727791E-01
        4        4        1      3.4677      3.4625        0.4298995659    0.1432133628E-01
        4        4        1      3.4677      3.4633        0.3948375758    0.1259942027E-01
        4        4        1      3.4677      3.4641        0.3595740499    0.1093765312E-01
        4        4        1      3.4677      3.4648        0.3241254222    0.9342454360E-02
        4        4        1      3.4677      3.4654        0.2885082282    0.7820638690E-02
        4        4        1      3.4677      3.4659        0.2527388926    0.6379548780E-02
        4        4        1      3.4677      3.4664        0.2168333360    0.2204386049E-01
        4        4        1      3.4677      3.4668        0.1768976679    0.1793343311E-01
        4        4        1      3.4677      3.4671        0.1293689897    0.1998477381E-01
        4        4        1      3.4677      3.4674        0.0734045329    0.1613950944E-01
        4        4        1      3.4677      3.4676       -0.0523160279    0.0000000000E+00
        4        4        1      3.4677      3.4677       -0.0873145169    0.0000000000E+00
        4        4        1      3.4677      3.4677       -0.0962060380    0.0000000000E+00
        4        4        1      3.4677      3.4676       -0.0449641065    0.0000000000E+00
        4        4        1      3.4677      3.4671        0.1398284701    0.4125156267E-01
        4        4        1      3.4677      3.4664        0.2347531608    0.6983096810E-01
        4        4        1      3.4677      3.4655        0.3225925705    0.1046506675E+00
        4        4        1      3.4677      3.4642        0.4069787176    0.1446004066E+00
        4        4        1      3.4677      3.4627        0.4886951557    0.1891237668E+00
        4        4        1      3.4677      3.4610        0.5678925491    0.2378429902E+00
        4        4        1      3.4677      3.4589        0.6445152235    0.2904575804E+00
        4        4        1      3.4677      3.4566        0.7184406318    0.3467028912E+00
        4        4        1      3.4677      3.4541        0.7895363514    0.4063295215E+00
        4        4        1      3.4677      3.4513        0.8576750219    0.4690817828E+00
        4        4        1      3.4677      3.4482        0.9227578056    0.5346994501E+00
        4        4        1      3.4677      3.4449        0.9847118241    0.6029070124E+00
        4        4        1      3.4677      3.4414        1.0434973461    0.6734179591E+00
        4        4        1      3.4677      3.4377        1.0991114409    0.7459423840E+00
        4        4        1      3.4677      3.4338        1.1515790492    0.8201823441E+00
        4        4        1      3.4677      3.4296        1.2009588021    0.8958482685E+00
        4        4        1      3.4677      3.4253        1.2473314212    0.9726529481E+00
        4        4        1      3.4677      3.4207        1.2908029891    0.7426937264E+00
        4        4        1      3.4677      3.4160        1.3314941129    0.7980512334E+00
        4        4        1      3.4677      3.4111        1.3610089167    0.8536731026E+00
        4        4        1      3.4677      3.4061        1.3873607483    0.3795565711E-04
        4        4        1      3.4677      3.4009        1.4114924345    0.3713487341E-04
        4        4        1      3.4677      3.3956        1.4336240527    0.3639383618E-04
        4        4        1      3.4677      3.3901        1.4539553555    0.3572766845E-04
        4        4        1      3.4677      3.3845        1.4726691196    0.3513208439E-04
        4        4        1      3.4677      3.3788        1.4899289511    0.3460336639E-04
        4        4        1      3.4677      3.3730        1.5058815729    0.3413822211E-04
        4        4        1      3.4677      3.3671        1.5206588461    0.3373367676E-04
        4        4        1      3.4677      3.3612        1.5343770507    0.3338705375E-04
        4        4        1      3.4677      3.3551        1.5471405092    0.3309584510E-04
        4        4        1      3.4677      3.3490        1.5590410408    0.3285770176E-04
        4        4        1      3.4677      3.3429        1.5701600751    0.3267035909E-04
        4        4        1      3.4677      3.3367        1.5805703759    0.3253159017E-04
        4        4        1      3.4677      3.3304        1.5903356578    0.3243919615E-04
        4        4        1      3.4677      3.3241        1.5995131329    0.3239096154E-04
        4        4        1      3.4677      3.3178        1.6081528789    0.3238465251E-04
        4        4        1      3.4677      3.3115        1.6163000019    0.3241799965E-04
        4        4        1      3.4677      3.3052        1.6239941368    0.3248869965E-04
        4        4        1      3.4677      3.2989        1.6312705752    0.3259441207E-04
        4        4        1      3.4677      3.2926        1.6381611666    0.3273277650E-04
        4        4        1      3.4677      3.2864        1.6446938311    0.3290140448E-04
        4        4        1      3.4677      3.2801        1.6508940143    0.3309791296E-04
        4        4        1      3.4677      3.2739        1.6567840492    0.3331991030E-04
        4        4        1      3.4677      3.2677        1.6623844126    0.3356503848E-04
        4        4        1      3.4677      3.2615        1.6677132014    0.3383095744E-04
        4        4        1      3.4677      3.2554        1.6727867329    0.3411536659E-04
        4        4        1      3.4677      3.2493        1.6776200222    0.3441603337E-04
        4        4        1      3.4677      3.2432        1.6822263048    0.3473076344E-04
        4        4        1      3.4677      3.2372        1.6866179365    0.3505745246E-04
        4        4        1      3.4677      3.2313        1.6908059137    0.3539405126E-04
        4        4        1      3.4677      3.2254        1.6948002803    0.3573858629E-04
        4        4        1      3.4677      3.2195        1.6986104499    0.3608918252E-04
        4        4        1      3.4677      3.2137        1.7022447814    0.3644401833E-04
        4        4        1      3.4677      3.2079        1.7057112469    0.3680137861E-04
        4        4        1      3.4677      3.2022        1.7090169540    0.3715959955E-04
        4        4        1      3.4677      3.1966        1.7121687422    0.3751712089E-04
        4        4        1      3.4677      3.1910        1.7151727947    0.3787243510E-04
        4        4        1      3.4677      3.1855        1.7180348923    0.3822410549E-04
        4        4        1      3.4677      3.1800        1.7207606107    0.3857078151E-04
        4        4        1      3.4677      3.1745        1.7233549868    0.3891114928E-04
        4        4        1      3.4677      3.1691        1.7258229699    0.3924397915E-04
        4        4        1      3.4677      3.1638        1.7281690584    0.3956807090E-04
        4        4        1      3.4677      3.1585        1.7303977030    0.3988229983E-04
        4        4        1      3.4677      3.1532        1.7325130134    0.4018556969E-04
        4        4        1      3.4677      3.1480        1.7345189222    0.4047682831E-04
        4        4        1      3.4677      3.1428        1.7364193087    0.4075508026E-04
        4        4        1      3.4677      3.1376        1.7382177519    0.4101934508E-04
        4        4        1      3.4677      3.1325        1.7399178336    0.4126869741E-04
        4        4        1      3.4677      3.1275        1.7415229057    0.4150222821E-04
        4        4        1      3.4677      3.1225        1.7430362100    0.4171905924E-04
        4        4        1      3.4677      3.1175        1.7444609642    0.4191835188E-04
        4        4        1      3.4677      3.1125        1.7458001709    0.4209927797E-04
        4        4        1      3.4677      3.1076        1.7470568390    0.4226104820E-04
        4        4        1      3.4677      3.1027        1.7482337833    0.4240288367E-04
        4        4        1      3.4677      3.0978        1.7493338179    0.4252404021E-04
        4        4        1      3.4677      3.0930        1.7503595967    0.4262378702E-04
        4        4        1      3.4677      3.0882        1.7513136864    0.4270141701E-04
        4        4        1      3.4677      3.0835        1.7521986136    0.4275624898E-04
        4        4        1      3.4677      3.0787        1.7530167388    0.4278761869E-04
        4        4        1      3.4677      3.0740        1.7537703883    0.4279488758E-04
        4        4        1      3.4677      3.0694        1.7544617251    0.4277743913E-04
        4        4        1      3.4677      3.0647        1.7550928592    0.4273468129E-04
        4        4        1      3.4677      3.0602        1.7556657472    0.4266604889E-04
        4        4        1      3.4677      3.0556        1.7561822302    0.4257100861E-04
        4        4        1      3.4677      3.0511        1.7566440521    0.4244905455E-04
        4        4        1      3.4677      3.0466        1.7570527855    0.4229972841E-04
        4        4        1      3.4677      3.0422        1.7574098957    0.4212261018E-04
        4        4        1      3.4677      3.0378        1.7577166756    0.4191735414E-04
        4        4        1      3.4677      3.0334        1.7579742662    0.4168371659E-04
        4        4        1      3.4677      3.0291        1.7581836603    0.4142162216E-04
        4        4        1      3.4677      3.0249        1.7583456638    0.4113143404E-04
        4        4        1      3.4677      3.0207        1.7584609220    0.4081485539E-04
        4        4        1      3.4677      3.0165        1.7585298907    0.7041906167E-04
        4        4        1      3.4677      3.0124        1.7585528499    0.6965424278E-04
        4        4        1      3.4677      3.0161        1.7623397109    0.6492967350E-02
        4        4        1      3.4677      3.0194        1.7736294107    0.1919081784E-01
        4        4        1      3.4677      3.0224        1.7922139784    0.4191245185E-01
        4        4        1      3.4677      3.0250        1.8177616064    0.7294209207E-01
        4        4        1      3.4677      3.0272        1.8498363737    0.1121895807E+00
        4        4        1      3.4677      3.0291        1.8879216157    0.1600399003E+00
        4        4        1      3.4677      3.0306        1.9314439961    0.2176457284E+00
        4        4        1      3.4677      3.0317        1.9797955753    0.2875018744E+00
        4        4        1      3.4677      3.0325        2.0323512551    0.3747932854E+00
        4        4        1      3.4677      3.0329        2.0884776470    0.4909625239E+00
        4        4        1      3.4677      3.0329        2.1475214141    0.6648317273E+00
        4        4        1      3.4677      3.0326        2.2087169314    0.9867856079E+00
        4        4        1      3.4677      3.0319        2.2705242992    0.1834728898E+01
        4        4        1      3.4677      3.0309        2.3263215354    0.3552441105E+01
        4        4        1      3.4677      3.0295        2.3730290212    0.3987469438E+01
        4        4        1      3.4677      3.0278        2.4174267890    0.4042745177E+01
        4        4        1      3.4677      3.0258        2.4607638884    0.4049869106E+01
        4        4        1      3.4677      3.0234        2.5029777513    0.4045021254E+01
        4        4        1      3.4677      3.0207        2.5438445128    0.4034967851E+01
        4        4        1      3.4677      3.0178        2.5831380299    0.4021405461E+01
        4        4        1      3.4677      3.0145        2.6206671545    0.4004809306E+01
        4        4        1      3.4677      3.0110        2.6562874968    0.3985348291E+01
        4        4        1      3.4677      3.0072        2.6899043641    0.3963163788E+01
        4        4        1      3.4677      3.0031        2.7214710287    0.3938460449E+01
        4        4        1      3.4677      2.9988        2.7509839234    0.3911525100E+01
        4        4        1      3.4677      2.9943        2.7784758309    0.3882713069E+01
        4        4        1      3.4677      2.9895        2.8040080156    0.3852419986E+01
        4        4        1      3.4677      2.9846        2.8276621491    0.3821049547E+01
        4        4        1      3.4677      2.9794        2.8495327112    0.3788983671E+01
        4        4        1      3.4677      2.9741        2.8697203281    0.3756558554E+01
        4        4        1      3.4677      2.9687        2.8883262891    0.3724047859E+01
        4        4        1      3.4677      2.9631        2.9054482952    0.3691652731E+01
        4        4        1      3.4677      2.9574        2.9211773592    0.3659497475E+01
        4        4        1      3.4677      2.9515        2.9355957061    0.3627629433E+01
        4        4        1      3.4677      2.9456        2.9487754902    0.3596021661E+01
        4        4        1      3.4677      2.9396        2.9607781516    0.3564577317E+01
        4        4        1      3.4677      2.9335        2.9716542582    0.3533135016E+01
        4        4        1      3.4677      2.9274        2.9814437088    0.3501474745E+01
        4        4        1      3.4677      2.9213        2.9901762073    0.3469324272E+01
        4        4        1      3.4677      2.9151        2.9978719466    0.3436366179E+01
        4        4        1      3.4677      2.9089        3.0045424626    0.3402245856E+01
        4        4        1      3.4677      2.9027        3.0101916387    0.3366580860E+01
        4        4        1      3.4677      2.8966        3.0148168481    0.3328972039E+01
        4        4        1      3.4677      2.8904        3.0184102234    0.3289016730E+01
        4        4        1      3.4677      2.8843        3.0209600399    0.3246324069E+01
        4        4        1      3.4677      2.8783        3.0224521807    0.3200532087E+01
        4        4        1      3.4677      2.8723        3.0228716390    0.3151325749E+01
        4        4        1      3.4677      2.8664        3.0222039866    0.3098454500E+01
        4        4        1      3.4677      2.8605        3.0204367181    0.3041747384E+01
        4        4        1      3.4677      2.8547        3.0175603680    0.2981123395E+01
        4        4        1      3.4677      2.8490        3.0135692887    0.2916594779E+01
        4        4        1      3.4677      2.8434        3.0084619956    0.2848261371E+01
        4        4        1      3.4677      2.8379        3.0022410022    0.2776294949E+01
        4        4        1      3.4677      2.8325        2.9949121122    0.2700913666E+01
        4        4        1      3.4677      2.8272        2.9864831660    0.2622347736E+01
        4        4        1      3.4677      2.8220        2.9769622785    0.2540798387E+01
        4        4        1      3.4677      2.8169        2.9663556199    0.2456392525E+01
        4        4        1      3.4677      2.8119        2.9546648035    0.2369135578E+01
        4        4        1      3.4677      2.8070        2.9418839349    0.2278864976E+01
        4        4        1      3.4677      2.8022        2.9279963860    0.2185207117E+01
        4        4        1      3.4677      2.7975        2.9129713725    0.2087542253E+01
        4        4        1      3.4677      2.7929        2.8967605043    0.1984985255E+01
        4        4        1      3.4677      2.7884        2.8792946384    0.1876396255E+01
        4        4        1      3.4677      2.7840        2.8604816665    0.1760443263E+01
        4        4        1      3.4677      2.7797        2.8402062776    0.1635745629E+01
        4        4        1      3.4677      2.7755        2.8183331531    0.1501124250E+01
        4        4        1      3.4677      2.7713        2.7947151607    0.1355958050E+01
        4        4        1      3.4677      2.7673        2.7692074166    0.1200586788E+01
        4        4        1      3.4677      2.7633        2.7416861911    0.1036624686E+01
        4        4        1      3.4677      2.7593        2.7120689535    0.8670200158E+00
        4        4        1      3.4677      2.7554        2.6803299654    0.6957909406E+00
        4        4        1      3.4677      2.7516        2.6465066220    0.5276091444E+00
        4        4        1      3.4677      2.7478        2.6106953218    0.3678241454E+00
        4        4        1      3.4677      2.7441        2.5730397421    0.2251091044E+00
        4        4        1      3.4677      2.7404        2.5337163860    0.1303081192E+00
        4        4        1      3.4677      2.7367        2.4929215586    0.1590212649E+00
        4        4        1      3.4677      2.7330        2.4508618850    0.2584070811E+00
        4        4        1      3.4677      2.7293        2.4077486378    0.3655464779E+00
        4        4        1      3.4677      2.7257        2.3637951532    0.4684270974E+00
        4        4        1      3.4677      2.7220        2.3192163590    0.5649886219E+00
        4        4        1      3.4677      2.7183        2.2742295652    0.6552397077E+00
        4        4        1      3.4677      2.7146        2.2290559110    0.7397550867E+00
        4        4        1      3.4677      2.7108        2.1839220812    0.8192488414E+00
        4        4        1      3.4677      2.7070        2.1390620591    0.8944130839E+00
        4        4        1      3.4677      2.7032        2.0947187835    0.9658453684E+00
        4        4        1      3.4677      2.6992        2.0511456198    0.1034013927E+01
        4        4        1      3.4677      2.6953        2.0086075619    0.1099242400E+01
        4        4        1      3.4677      2.6912        1.9673820606    0.1161705916E+01
        4        4        1      3.4677      2.6871        1.9277593274    0.1221434138E+01
        4        4        1      3.4677      2.6828        1.8900419057    0.1278318663E+01
        4        4        1      3.4677      2.6785        1.8545432453    0.1332123337E+01
        4        4        1      3.4677      2.6740        1.8215849783    0.1382497094E+01
        4        4        1      3.4677      2.6695        1.7914925968    0.1428989864E+01
        4        4        1      3.4677      2.6648        1.7645893059    0.1471072741E+01
        4        4        1      3.4677      2.6600        1.7411879755    0.1521907653E+01
        4        4        1      3.4677      2.6550        1.7215813607    0.1548528265E+01
        4        4        1      3.4677      2.6499        1.7060310751    0.1570172609E+01
        4        4        1      3.4677      2.6447        1.6947561325    0.1586173100E+01
        4        4        1      3.4677      2.6394        1.6879221522    0.1595999074E+01
        4        4        1      3.4677      2.6339        1.6856324503    0.1599303337E+01
        4        4        1      3.4677      2.6395        1.6874065374    0.1596658464E+01
        4        4        1      3.4677      2.6452        1.6927052649    0.1588760809E+01
        4        4        1      3.4677      2.6511        1.7014586348    0.1575801736E+01
        4        4        1      3.4677      2.6571        1.7135519415    0.1558076808E+01
        4        4        1      3.4677      2.6632        1.7288285220    0.1535984967E+01
        4        4        1      3.4677      2.6694        1.7470932685    0.1510018156E+01
        4        4        1      3.4677      2.6758        1.7681166308    0.1524997934E+01
        4        4        1      3.4677      2.6823        1.7916388445    0.1501190117E+01
        4        4        1      3.4677      2.6889        1.8173741648    0.1473646199E+01
        4        4        1      3.4677      2.6957        1.8450149739    0.1442075018E+01
        4        4        1      3.4677      2.7026        1.8742357377    0.1406118919E+01
        4        4        1      3.4677      2.7097        1.9046969213    0.1365366656E+01
        4        4        1      3.4677      2.7169        1.9360491017    0.1319380476E+01
        4        4        1      3.4677      2.7242        1.9679376364    0.1267740085E+01
        4        4        1      3.4677      2.7317        2.0000083028    0.1210104259E+01
        4        4        1      3.4677      2.7393        2.0319142917    0.1146287119E+01
        4        4        1      3.4677      2.7471        2.0633247381    0.1076340399E+01
        4        4        1      3.4677      2.7550        2.0939345911    0.1000626576E+01
        4        4        1      3.4677      2.7630        2.1234750811    0.9198629924E+00
        4        4        1      3.4677      2.7713        2.1517234847    0.8351179767E+00
        4        4        1      3.4677      2.7796        2.1785105489    0.7477491028E+00
        4        4        1      3.4677      2.7881        2.2037240672    0.6592901159E+00
        4        4        1      3.4677      2.7968        2.2273077574    0.5713107399E+00
        4        4        1      3.4677      2.8056        2.2492556080    0.4852847143E+00
        4        4        1      3.4677      2.8145        2.2696028229    0.4025024213E+00
        4        4        1      3.4677      2.8236        2.2884150529    0.3240614467E+00
        4        4        1      3.4677      2.8328        2.3057776116    0.2509827929E+00
        4        4        1      3.4677      2.8421        2.3217859543    0.1845953519E+00
        4        4        1      3.4677      2.8516        2.3365381110    0.1277473574E+00
        4        4        1      3.4677      2.8612        2.3501292310    0.8870241168E-01
        4        4        1      3.4677      2.8709        2.3626480377    0.8400146709E-01
        4        4        1      3.4677      2.8808        2.3741748195    0.1115945633E+00
        4        4        1      3.4677      2.8907        2.3847805451    0.1512266728E+00
        4        4        1      3.4677      2.9008        2.3945267380    0.1932305123E+00
        4        4        1      3.4677      2.9110        2.4034658186    0.2347062745E+00
        4        4        1      3.4677      2.9213        2.4116417038    0.2029832068E+00
        4        4        1      3.4677      2.9317        2.4084219988    0.8518307601E-01
        4        4        1      3.4677      2.9422        2.4016246268    0.8716312371E-01
        4        4        1      3.4677      2.9527        2.3944933784    0.8898057694E-01
        4        4        1      3.4677      2.9634        2.3870167914    0.9062988064E-01
        4        4        1      3.4677      2.9741        2.3791827812    0.9210626445E-01
        4        4        1      3.4677      2.9850        2.3709785836    0.9340578148E-01
        4        4        1      3.4677      2.9958        2.3623906937    0.9452535561E-01
        4        4        1      3.4677      3.0068        2.3534048001    0.9546283831E-01
        4        4        1      3.4677      3.0178        2.3440057148    0.9621707574E-01
        4        4        1      3.4677      3.0289        2.3341772976    0.9678798652E-01
        4        4        1      3.4677      3.0400        2.3239023735    0.9717665058E-01
        4        4        1      3.4677      3.0511        2.3131626448    0.9738540865E-01
        4        4        1      3.4677      3.0623        2.3019385944    0.9741797181E-01
        4        4        1      3.4677      3.0735        2.2902093816    0.9727953925E-01
        4        4        1      3.4677      3.0848        2.2779527286    0.9697692156E-01
        4        4        1      3.4677      3.0960        2.2651447973    0.9651866543E-01
        4        4        1      3.4677      3.1073        2.2517600547    0.9591517346E-01
        4        4        1      3.4677      3.1185        2.2377711280    0.9517881074E-01
        4        4        1      3.4677      3.1298        2.2231486468    0.9432398660E-01
        4        4        1      3.4677      3.1410        2.2078610721    0.9336719652E-01
        4        4        1      3.4677      3.1523        2.1918745136    0.9232700520E-01
        4        4        1      3.4677      3.1635        2.1751525321    0.9122394778E-01
        4        4        1      3.4677      3.1746        2.1576559305    0.9008032220E-01
        4        4        1      3.4677      3.1857        2.1393425318    0.8891984392E-01
        4        4        1      3.4677      3.1968        2.1201669471    0.8776713422E-01
        4        4        1      3.4677      3.2078        2.1000803355    0.8664701846E-01
        4        4        1      3.4677      3.2187        2.0790301602    0.8558362185E-01
        4        4        1      3.4677      3.2296        2.0569599452    0.8459926876E-01
        4        4        1      3.4677      3.2404        2.0338090404    0.8371321813E-01
        4        4        1      3.4677      3.2510        2.0095124036    0.8294029902E-01
        4        4        1      3.4677      3.2616        1.9840004114    0.8228954259E-01
        4        4        1      3.4677      3.2720        1.9571987133    0.8176293228E-01
        4        4        1      3.4677      3.2823        1.9290281473    0.8135440464E-01
        4        4        1      3.4677      3.2925        1.8994047367    0.8104922402E-01
        4        4        1      3.4677      3.3025        1.8682397939    0.8082382333E-01
        4        4        1      3.4677      3.3123        1.8354401576    0.8064615704E-01
        4        4        1      3.4677      3.3220        1.8009085936    0.8047656029E-01
        4        4        1      3.4677      3.3314        1.7645443908    0.8026906227E-01
        4        4        1      3.4677      3.3407        1.7262441830    0.7997307006E-01
        4        4        1      3.4677      3.3497        1.6859030247    0.7953532443E-01
        4        4        1      3.4677      3.3585        1.6434157449    0.7890202901E-01
        4        4        1      3.4677      3.3670        1.5986785921    0.7802106133E-01
        4        4        1      3.4677      3.3753        1.5515911719    0.7684418359E-01
        4        4        1      3.4677      3.3833        1.5020586633    0.7532917574E-01
        4        4        1      3.4677      3.3910        1.4499942801    0.7344181413E-01
        4        4        1      3.4677      3.3985        1.3953219208    0.7115761521E-01
        4        4        1      3.4677      3.4056        1.3379789344    0.6846326049E-01
        4        4        1      3.4677      3.4123        1.2779189045    0.6535762080E-01
        4        4        1      3.4677      3.4188        1.2151143457    0.6185230840E-01
        4        4        1      3.4677      3.4249        1.1495591966    0.5797170884E-01
        4        4        1      3.4677      3.4306        1.0812709935    0.5375247967E-01
        4        4        1      3.4677      3.4359        1.0102926244    0.4924254893E-01
        4        4        1      3.4677      3.4409        0.9366935735    0.4449969696E-01
        4        4        1      3.4677      3.4455        0.8605705976    0.3958985465E-01
        4        4        1      3.4677      3.4496        0.7820477972    0.3458529362E-01
        4        4        1      3.4677      3.4534        0.7012760727    0.2956291629E-01
        4        4        1      3.4677      3.4567        0.6184319725    0.2460287810E-01
        4        4        1      3.4677      3.4596        0.5337159387    0.1978780403E-01
        4        4        1      3.4677      3.4621        0.4473499100    0.1520292717E-01
        4        4        1      3.4677      3.4641        0.3595740499    0.1093765312E-01
        4        4        1      3.4677      3.4657        0.2706415647    0.7089518983E-02
        4        4        1      3.4677      3.4668        0.1768976679    0.1793343311E-01
        4        4        1      3.4677      3.4675        0.0303621573    0.1820113568E-01
        4        4        1      3.4677      3.4677       -0.0962060380    0.0000000000E+00
        4        4        1      3.4677      3.4675        0.0644013883    0.2323836404E-01
        4        4        1      3.4677      3.4669        0.2005201421    0.1129597204E-01
        4        4        1      3.4677      3.4658        0.3020176908    0.3187619009E-02
        4        4        1      3.4677      3.4644        0.4012319335    0.2079960167E-02
        4        4        1      3.4677      3.4626        0.4991420886    0.4565757196E-02
        4        4        1      3.4677      3.4603        0.5954524068    0.7689824314E-02
        4        4        1      3.4677      3.4577        0.6898780981    0.1118312578E-01
        4        4        1      3.4677      3.4546        0.7821503714    0.5288760054E-02
        4        4        1      3.4677      3.4512        0.8720200234    0.6535944981E-02
        4        4        1      3.4677      3.4474        0.9592605088    0.7898607757E-02
        4        4        1      3.4677      3.4432        1.0436706804    0.9367952658E-02
        4        4        1      3.4677      3.4387        1.1250771908    0.1093420265E-01
        4        4        1      3.4677      3.4338        1.2033364755    0.1258790418E-01
        4        4        1      3.4677      3.4285        1.2783362127    0.1432118273E-01
        4        4        1      3.4677      3.4229        1.3499961563    0.1612874626E-01
        4        4        1      3.4677      3.4170        1.4182682549    0.1800845402E-01
        4        4        1      3.4677      3.4108        1.4831360061    0.1996132844E-01
        4        4        1      3.4677      3.4042        1.5446130415    0.2199098392E-01
        4        4        1      3.4677      3.3974        1.6027409896    0.2410255922E-01
        4        4        1      3.4677      3.3903        1.6575867170    0.2630134204E-01
        4        4        1      3.4677      3.3829        1.7092390859    0.2859133397E-01
        4        4        1      3.4677      3.3753        1.7578053972    0.3097400387E-01
        4        4        1      3.4677      3.3674        1.8034076944    0.3344741829E-01
        4        4        1      3.4677      3.3592        1.8461790973    0.3600584248E-01
        4        4        1      3.4677      3.3509        1.8862603131    0.3863980493E-01
        4        4        1      3.4677      3.3423        1.9237964386    0.4133654079E-01
        4        4        1      3.4677      3.3335        1.9589341351    0.4408068800E-01
        4        4        1      3.4677      3.3246        1.9918192178    0.4685510432E-01
        4        4        1      3.4677      3.3154        2.0225946756    0.4964169306E-01
        4        4        1      3.4677      3.3061        2.0513991072    0.5242215645E-01
        4        4        1      3.4677      3.2967        2.0783655434    0.5517862935E-01
        4        4        1      3.4677      3.2870        2.1036206151    0.5789417292E-01
        4        4        1      3.4677      3.2773        2.1272840165    0.6055312872E-01
        4        4        1      3.4677      3.2674        2.1494682172    0.6314134570E-01
        4        4        1      3.4677      3.2574        2.1702783723    0.6564629909E-01
        4        4        1      3.4677      3.2473        2.1898123911    0.6805712197E-01
        4        4        1      3.4677      3.2371        2.2081611225    0.7036456984E-01
        4        4        1      3.4677      3.2268        2.2254086269    0.7256093608E-01
        4        4        1      3.4677      3.2165        2.2416325066    0.7463993348E-01
        4        4        1      3.4677      3.2060        2.2569042733    0.7659655440E-01
        4        4        1      3.4677      3.1955        2.2712897343    0.7842691926E-01
        4        4        1      3.4677      3.1849        2.2848493861    0.8012812112E-01
        4        4        1      3.4677      3.1743        2.2976388041    0.8169807213E-01
        4        4        1      3.4677      3.1637        2.3097090207    0.8313535629E-01
        4        4        1      3.4677      3.1530        2.3211068888    0.8443909159E-01
        4        4        1      3.4677      3.1423        2.3318754253    0.8560880407E-01
        4        4        1      3.4677      3.1315        2.3420541345    0.8664431514E-01
        4        4        1      3.4677      3.1208        2.3516793083    0.8754564347E-01
        4        4        1      3.4677      3.1100        2.3607843056    0.8831292178E-01
        4        4        1      3.4677      3.0993        2.3693998095    0.8894632897E-01
        4        4        1      3.4677      3.0885        2.3775540625    0.8944603726E-01
        4        4        1      3.4677      3.0778        2.3852730837    0.8981217416E-01
        4        4        1      3.4677      3.0670        2.3925808649    0.9004479852E-01
        4        4        1      3.4677      3.0563        2.3994995505    0.9014388984E-01
        4        4        1      3.4677      3.0456        2.4060496000    0.9010934998E-01
        4        4        1      3.4677      3.0350        2.4122499359    0.8994101588E-01
        4        4        1      3.4677      3.0244        2.4181180774    0.8963868226E-01
        4        4        1      3.4677      3.0138        2.4236702603    0.8920213276E-01
        4        4        1      3.4677      3.0033        2.4289215465    0.8863117820E-01
        4        4        1      3.4677      2.9929        2.4338859216    0.8792570050E-01
        4        4        1      3.4677      2.9825        2.4385763828    0.8708570085E-01
        4        4        1      3.4677      2.9722        2.4430050183    0.8611135063E-01
        4        4        1      3.4677      2.9619        2.4461340171    0.1268721559E+00
        4        4        1      3.4677      2.9517        2.4321465375    0.1145053729E+00
        4        4        1      3.4677      2.9416        2.4165205311    0.8033853493E-01
        4        4        1      3.4677      2.9316        2.3993152567    0.8036632455E-01
        4        4        1      3.4677      2.9217        2.3806191089    0.1197365438E+00
        4        4        1      3.4677      2.9118        2.3605438245    0.1760573637E+00
        4        4        1      3.4677      2.9021        2.3392175802    0.2388277249E+00
        4        4        1      3.4677      2.8925        2.3167782068    0.3046270559E+00
        4        4        1      3.4677      2.8829        2.2933674043    0.3720144016E+00
        4        4        1      3.4677      2.8735        2.2691263933    0.4402263023E+00
        4        4        1      3.4677      2.8642        2.2441930550    0.5088013868E+00
        4        4        1      3.4677      2.8550        2.2187003742    0.5774401440E+00
        4        4        1      3.4677      2.8459        2.1927758903    0.6459381936E+00
        4        4        1      3.4677      2.8370        2.1665418591    0.7141479840E+00
        4        4        1      3.4677      2.8281        2.1401158664    0.7819539545E+00
        4        4        1      3.4677      2.8194        2.1136116930    0.8492552452E+00
        4        4        1      3.4677      2.8108        2.0871402894    0.9159531699E+00
        4        4        1      3.4677      2.8024        2.0608107594    0.9819419333E+00
        4        4        1      3.4677      2.7940        2.0347312857    0.1047101681E+01
        4        4        1      3.4677      2.7858        2.0090099522    0.1111293327E+01
        4        4        1      3.4677      2.7778        1.9837554283    0.1174354807E+01
        4        4        1      3.4677      2.7698        1.9590774879    0.1236098595E+01
        4        4        1      3.4677      2.7620        1.9350873406    0.1296310376E+01
        4        4        1      3.4677      2.7544        1.9118977516    0.1354748871E+01
        4        4        1      3.4677      2.7468        1.8896229292    0.1411146848E+01
        4        4        1      3.4677      2.7394        1.8683781649    0.1465213318E+01
        4        4        1      3.4677      2.7321        1.8482792104    0.1516636971E+01
        4        4        1      3.4677      2.7250        1.8294413877    0.1565090824E+01
        4        4        1      3.4677      2.7179        1.8119784373    0.1610238033E+01
        4        4        1      3.4677      2.7110        1.7960011234    0.1651738745E+01
        4        4        1      3.4677      2.7042        1.7816156274    0.1689257835E+01
        4        4        1      3.4677      2.6976        1.7689217807    0.1722473242E+01
        4        4        1      3.4677      2.6910        1.7580112015    0.1751084591E+01
        4        4        1      3.4677      2.6846        1.7489654138    0.1774821658E+01
        4        4        1      3.4677      2.6783        1.7418540369    0.1793451958E+01
        4        4        1      3.4677      2.6721        1.7367331381    0.1810079546E+01
        4        4        1      3.4677      2.6661        1.7336438396    0.1815414962E+01
        4        4        1      3.4677      2.6601        1.7326112576    0.1817222725E+01
