        4        4        2      3.4677      3.4677       -0.0084832137    0.1843471725E+00
        4        4        2      3.4677      3.4677        0.0395802329    0.7273598347E-03
        4        4        2      3.4677      3.4676        0.0804912864    0.2759553028E-02
        4        4        2      3.4677      3.4674        0.1210558671    0.7285235030E-02
        4        4        2      3.4677      3.4672        0.1614823370    0.2296655280E-01
        4        4        2      3.4677      3.4669        0.2017946638    0.1129597204E-01
        4        4        2      3.4677      3.4665        0.2420255128    0.6438795071E-02
        4        4        2      3.4677      3.4661        0.2827888687    0.4011205992E-02
        4        4        2      3.4677      3.4656        0.3232658005    0.2543447625E-02
        4        4        2      3.4677      3.4650        0.3635552231    0.1839809850E-02
        4        4        2      3.4677      3.4644        0.4036826857    0.2079960167E-02
        4        4        2      3.4677      3.4637        0.4436516696    0.2924070533E-02
        4        4        2      3.4677      3.4630        0.4834572015    0.3991495839E-02
        4        4        2      3.4677      3.4621        0.5230904933    0.5159159110E-02
        4        4        2      3.4677      3.4613        0.5625408191    0.6394705095E-02
        4        4        2      3.4677      3.4603        0.6017963759    0.7689824314E-02
        4        4        2      3.4677      3.4593        0.6408447181    0.9043063436E-02
        4        4        2      3.4677      3.4582        0.6796729958    0.1045492919E-01
        4        4        2      3.4677      3.4571        0.7182680941    0.1192629995E-01
        4        4        2      3.4677      3.4559        0.7566167211    0.1841082998E-01
        4        4        2      3.4677      3.4546        0.7947054669    0.2061614091E-01
        4        4        2      3.4677      3.4533        0.8325208468    0.2290383263E-01
        4        4        2      3.4677      3.4519        0.8700493350    0.2527292390E-01
        4        4        2      3.4677      3.4505        0.9072773929    0.2772156709E-01
        4        4        2      3.4677      3.4489        0.9441914956    0.3024703129E-01
        4        4        2      3.4677      3.4474        0.9807781561    0.3284568497E-01
        4        4        2      3.4677      3.4458        1.0170239501    0.3551297767E-01
        4        4        2      3.4677      3.4441        1.0529155420    0.3824342168E-01
        4        4        2      3.4677      3.4423        1.0884397107    0.4103057481E-01
        4        4        2      3.4677      3.4405        1.1235833779    0.4386702596E-01
        4        4        2      3.4677      3.4387        1.1583336375    0.4674438468E-01
        4        4        2      3.4677      3.4367        1.1926777867    0.4965327651E-01
        4        4        2      3.4677      3.4348        1.2266033595    0.5258334554E-01
        4        4        2      3.4677      3.4327        1.2600981611    0.5552326581E-01
        4        4        2      3.4677      3.4306        1.2931503045    0.5846076287E-01
        4        4        2      3.4677      3.4285        1.3257482488    0.6138264722E-01
        4        4        2      3.4677      3.4263        1.3578808381    0.6427486070E-01
        4        4        2      3.4677      3.4241        1.3895373426    0.6712253704E-01
        4        4        2      3.4677      3.4218        1.4207074997    0.6991007767E-01
        4        4        2      3.4677      3.4194        1.4513815557    0.7262124327E-01
        4        4        2      3.4677      3.4170        1.4815503079    0.7523926163E-01
        4        4        2      3.4677      3.4146        1.5112051456    0.7774695178E-01
        4        4        2      3.4677      3.4121        1.5403380909    0.8012686414E-01
        4        4        2      3.4677      3.4095        1.5689418377    0.8236143592E-01
        4        4        2      3.4677      3.4069        1.5970097887    0.8443316087E-01
        4        4        2      3.4677      3.4042        1.6245360894    0.8632477188E-01
        4        4        2      3.4677      3.4015        1.6515156599    0.8801943475E-01
        4        4        2      3.4677      3.3988        1.6779442219    0.8950095143E-01
        4        4        2      3.4677      3.3960        1.7038183222    0.9075397074E-01
        4        4        2      3.4677      3.3932        1.7291353510    0.9176420468E-01
        4        4        2      3.4677      3.3903        1.7538935553    0.9251864903E-01
        4        4        2      3.4677      3.3932        1.7291353510    0.9176420468E-01
        4        4        2      3.4677      3.3960        1.7038183222    0.9075397074E-01
        4        4        2      3.4677      3.3988        1.6779442219    0.8950095143E-01
        4        4        2      3.4677      3.4015        1.6515156599    0.8801943475E-01
        4        4        2      3.4677      3.4042        1.6245360894    0.8632477188E-01
        4        4        2      3.4677      3.4069        1.5970097887    0.8443316087E-01
        4        4        2      3.4677      3.4095        1.5689418377    0.8236143592E-01
        4        4        2      3.4677      3.4121        1.5403380909    0.8012686414E-01
        4        4        2      3.4677      3.4146        1.5112051456    0.7774695178E-01
        4        4        2      3.4677      3.4170        1.4815503079    0.7523926163E-01
        4        4        2      3.4677      3.4194        1.4513815557    0.7262124327E-01
        4        4        2      3.4677      3.4218        1.4207074997    0.6991007767E-01
        4        4        2      3.4677      3.4241        1.3895373426    0.6712253704E-01
        4        4        2      3.4677      3.4263        1.3578808381    0.6427486070E-01
        4        4        2      3.4677      3.4285        1.3257482488    0.6138264722E-01
        4        4        2      3.4677      3.4306        1.2931503045    0.5846076287E-01
        4        4        2      3.4677      3.4327        1.2600981611    0.5552326581E-01
        4        4        2      3.4677      3.4348        1.2266033595    0.5258334554E-01
        4        4        2      3.4677      3.4367        1.1926777867    0.4965327651E-01
        4        4        2      3.4677      3.4387        1.1583336375    0.4674438468E-01
        4        4        2      3.4677      3.4405        1.1235833779    0.4386702596E-01
        4        4        2      3.4677      3.4423        1.0884397107    0.4103057481E-01
        4        4        2      3.4677      3.4441        1.0529155420    0.3824342168E-01
        4        4        2      3.4677      3.4458        1.0170239501    0.3551297767E-01
        4        4        2      3.4677      3.4474        0.9807781561    0.3284568497E-01
        4        4        2      3.4677      3.4489        0.9441914956    0.3024703129E-01
        4        4        2      3.4677      3.4505        0.9072773929    0.2772156709E-01
        4        4        2      3.4677      3.4519        0.8700493350    0.2527292390E-01
        4        4        2      3.4677      3.4533        0.8325208468    0.2290383263E-01
        4        4        2      3.4677      3.4546        0.7947054669    0.2061614091E-01
        4        4        2      3.4677      3.4559        0.7566167211    0.1841082998E-01
        4        4        2      3.4677      3.4571        0.7182680941    0.1192629995E-01
        4        4        2      3.4677      3.4582        0.6796729958    0.1045492919E-01
        4        4        2      3.4677      3.4593        0.6408447181    0.9043063436E-02
        4        4        2      3.4677      3.4603        0.6017963759    0.7689824314E-02
        4        4        2      3.4677      3.4613        0.5625408191    0.6394705095E-02
        4        4        2      3.4677      3.4621        0.5230904933    0.5159159110E-02
        4        4        2      3.4677      3.4630        0.4834572015    0.3991495839E-02
        4        4        2      3.4677      3.4637        0.4436516696    0.2924070533E-02
        4        4        2      3.4677      3.4644        0.4036826857    0.2079960167E-02
        4        4        2      3.4677      3.4650        0.3635552231    0.1839809850E-02
        4        4        2      3.4677      3.4656        0.3232658005    0.2543447625E-02
        4        4        2      3.4677      3.4661        0.2827888687    0.4011205992E-02
        4        4        2      3.4677      3.4665        0.2420255128    0.6438795071E-02
        4        4        2      3.4677      3.4669        0.2017946638    0.1129597204E-01
        4        4        2      3.4677      3.4672        0.1614823370    0.2296655280E-01
        4        4        2      3.4677      3.4674        0.1210558671    0.7285235030E-02
        4        4        2      3.4677      3.4676        0.0804912864    0.2759553028E-02
        4        4        2      3.4677      3.4677        0.0395802329    0.7273598347E-03
        4        4        2      3.4677      3.4677       -0.0084832137    0.1843471725E+00
        4        4        2      3.4677      3.4677        0.0359508924    0.1172704508E-01
        4        4        2      3.4677      3.4676        0.0718688156    0.2126227327E-03
        4        4        2      3.4677      3.4675        0.1077208718    0.1735906422E-03
        4        4        2      3.4677      3.4674        0.1434743068    0.1503162510E-03
        4        4        2      3.4677      3.4672        0.1790965828    0.1344269563E-03
        4        4        2      3.4677      3.4670        0.2145554522    0.1226922918E-03
        4        4        2      3.4677      3.4667        0.2498190336    0.1135667373E-03
        4        4        2      3.4677      3.4664        0.2848558894    0.1062056865E-03
        4        4        2      3.4677      3.4661        0.3196351051    0.1001034427E-03
        4        4        2      3.4677      3.4657        0.3541263715    0.9493628886E-04
        4        4        2      3.4677      3.4653        0.3883000681    0.9048611094E-04
        4        4        2      3.4677      3.4648        0.4221273494    0.8659987214E-04
        4        4        2      3.4677      3.4643        0.4555802316    0.8316660400E-04
        4        4        2      3.4677      3.4638        0.4886316821    0.8010362047E-04
        4        4        2      3.4677      3.4632        0.5212557080    0.7734788112E-04
        4        4        2      3.4677      3.4626        0.5534274451    0.7485037432E-04
        4        4        2      3.4677      3.4619        0.5851232463    0.7257234702E-04
        4        4        2      3.4677      3.4613        0.6163207673    0.7048270561E-04
        4        4        2      3.4677      3.4605        0.6469990488    0.6855617755E-04
        4        4        2      3.4677      3.4598        0.6771385952    0.6677198924E-04
        4        4        2      3.4677      3.4590        0.7067214470    0.6511289078E-04
        4        4        2      3.4677      3.4581        0.7357312462    0.6356443012E-04
        4        4        2      3.4677      3.4572        0.7641532933    0.6211440247E-04
        4        4        2      3.4677      3.4563        0.7919745955    0.6075242534E-04
        4        4        2      3.4677      3.4554        0.8191839036    0.5946961020E-04
        4        4        2      3.4677      3.4544        0.8457717373    0.5825830294E-04
        4        4        2      3.4677      3.4534        0.8717303988    0.5711187797E-04
        4        4        2      3.4677      3.4523        0.8970539732    0.5602457122E-04
        4        4        2      3.4677      3.4512        0.9217383152    0.5499134763E-04
        4        4        2      3.4677      3.4501        0.9457810237    0.5400779038E-04
        4        4        2      3.4677      3.4489        0.9691814024    0.5307001079E-04
        4        4        2      3.4677      3.4477        0.9919404082    0.5217457289E-04
        4        4        2      3.4677      3.4465        1.0140605885    0.5131843124E-04
        4        4        2      3.4677      3.4452        1.0355460069    0.5049887745E-04
        4        4        2      3.4677      3.4439        1.0564021600    0.4971349579E-04
        4        4        2      3.4677      3.4426        1.0766358855    0.4896012516E-04
        4        4        2      3.4677      3.4412        1.0962552644    0.4823682655E-04
        4        4        2      3.4677      3.4398        1.1152695171    0.4754185529E-04
        4        4        2      3.4677      3.4384        1.1336888965    0.4687363634E-04
        4        4        2      3.4677      3.4369        1.1515245792    0.4623074490E-04
        4        4        2      3.4677      3.4354        1.1687885555    0.4561188739E-04
        4        4        2      3.4677      3.4339        1.1854935207    0.4501588578E-04
        4        4        2      3.4677      3.4324        1.2016527686    0.4444166494E-04
        4        4        2      3.4677      3.4308        1.2172800880    0.4388824074E-04
        4        4        2      3.4677      3.4292        1.2323896635    0.4335470872E-04
        4        4        2      3.4677      3.4276        1.2469959813    0.4284023719E-04
        4        4        2      3.4677      3.4259        1.2611137408    0.4234405777E-04
        4        4        2      3.4677      3.4242        1.2747577720    0.4186545938E-04
        4        4        2      3.4677      3.4225        1.2879429597    0.4140378270E-04
        4        4        2      3.4677      3.4207        1.3006841746    0.7426937264E+00
        4        4        2      3.4677      3.4225        1.2879429597    0.4140378270E-04
        4        4        2      3.4677      3.4242        1.2747577720    0.4186545938E-04
        4        4        2      3.4677      3.4259        1.2611137408    0.4234405777E-04
        4        4        2      3.4677      3.4276        1.2469959813    0.4284023719E-04
        4        4        2      3.4677      3.4292        1.2323896635    0.4335470872E-04
        4        4        2      3.4677      3.4308        1.2172800880    0.4388824074E-04
        4        4        2      3.4677      3.4324        1.2016527686    0.4444166494E-04
        4        4        2      3.4677      3.4339        1.1854935207    0.4501588578E-04
        4        4        2      3.4677      3.4354        1.1687885555    0.4561188739E-04
        4        4        2      3.4677      3.4369        1.1515245792    0.4623074490E-04
        4        4        2      3.4677      3.4384        1.1336888965    0.4687363634E-04
        4        4        2      3.4677      3.4398        1.1152695171    0.4754185529E-04
        4        4        2      3.4677      3.4412        1.0962552644    0.4823682655E-04
        4        4        2      3.4677      3.4426        1.0766358855    0.4896012516E-04
        4        4        2      3.4677      3.4439        1.0564021600    0.4971349579E-04
        4        4        2      3.4677      3.4452        1.0355460069    0.5049887745E-04
        4        4        2      3.4677      3.4465        1.0140605885    0.5131843124E-04
        4        4        2      3.4677      3.4477        0.9919404082    0.5217457289E-04
        4        4        2      3.4677      3.4489        0.9691814024    0.5307001079E-04
        4        4        2      3.4677      3.4501        0.9457810237    0.5400779038E-04
        4        4        2      3.4677      3.4512        0.9217383152    0.5499134763E-04
        4        4        2      3.4677      3.4523        0.8970539732    0.5602457122E-04
        4        4        2      3.4677      3.4534        0.8717303988    0.5711187797E-04
        4        4        2      3.4677      3.4544        0.8457717373    0.5825830294E-04
        4        4        2      3.4677      3.4554        0.8191839036    0.5946961020E-04
        4        4        2      3.4677      3.4563        0.7919745955    0.6075242534E-04
        4        4        2      3.4677      3.4572        0.7641532933    0.6211440247E-04
        4        4        2      3.4677      3.4581        0.7357312462    0.6356443012E-04
        4        4        2      3.4677      3.4590        0.7067214470    0.6511289078E-04
        4        4        2      3.4677      3.4598        0.6771385952    0.6677198924E-04
        4        4        2      3.4677      3.4605        0.6469990488    0.6855617755E-04
        4        4        2      3.4677      3.4613        0.6163207673    0.7048270561E-04
        4        4        2      3.4677      3.4619        0.5851232463    0.7257234702E-04
        4        4        2      3.4677      3.4626        0.5534274451    0.7485037432E-04
        4        4        2      3.4677      3.4632        0.5212557080    0.7734788112E-04
        4        4        2      3.4677      3.4638        0.4886316821    0.8010362047E-04
        4        4        2      3.4677      3.4643        0.4555802316    0.8316660400E-04
        4        4        2      3.4677      3.4648        0.4221273494    0.8659987214E-04
        4        4        2      3.4677      3.4653        0.3883000681    0.9048611094E-04
        4        4        2      3.4677      3.4657        0.3541263715    0.9493628886E-04
        4        4        2      3.4677      3.4661        0.3196351051    0.1001034427E-03
        4        4        2      3.4677      3.4664        0.2848558894    0.1062056865E-03
        4        4        2      3.4677      3.4667        0.2498190336    0.1135667373E-03
        4        4        2      3.4677      3.4670        0.2145554522    0.1226922918E-03
        4        4        2      3.4677      3.4672        0.1790965828    0.1344269563E-03
        4        4        2      3.4677      3.4674        0.1434743068    0.1503162510E-03
        4        4        2      3.4677      3.4675        0.1077208718    0.1735906422E-03
        4        4        2      3.4677      3.4676        0.0718688156    0.2126227327E-03
        4        4        2      3.4677      3.4677        0.0359508924    0.1172704508E-01
        4        4        2      3.4677      3.4677       -0.0084832137    0.1843471725E+00
        4        4        2      3.4677      3.4677        0.0352706410    0.8153957711E-04
        4        4        2      3.4677      3.4676        0.0720362702    0.7005921135E-03
        4        4        2      3.4677      3.4674        0.1084224880    0.1598529433E-02
        4        4        2      3.4677      3.4671        0.1446685720    0.2626000274E-02
        4        4        2      3.4677      3.4668        0.1808061486    0.1793343311E-01
        4        4        2      3.4677      3.4664        0.2214515119    0.2204386049E-01
        4        4        2      3.4677      3.4659        0.2644990233    0.3696068602E-01
        4        4        2      3.4677      3.4654        0.3066348486    0.4363664910E-01
        4        4        2      3.4677      3.4648        0.3481485744    0.5077866670E-01
        4        4        2      3.4677      3.4641        0.3891968235    0.5837228702E-01
        4        4        2      3.4677      3.4633        0.4298697615    0.6640391053E-01
        4        4        2      3.4677      3.4625        0.4702210262    0.7486102724E-01
        4        4        2      3.4677      3.4616        0.5102827062    0.8373236742E-01
        4        4        2      3.4677      3.4606        0.5500734550    0.9300789233E-01
        4        4        2      3.4677      3.4596        0.5896031668    0.1026786820E+00
        4        4        2      3.4677      3.4585        0.6288758094    0.1127367722E+00
        4        4        2      3.4677      3.4573        0.6678912132    0.1231749720E+00
        4        4        2      3.4677      3.4561        0.7066462409    0.1339866788E+00
        4        4        2      3.4677      3.4548        0.7451355767    0.1451656992E+00
        4        4        2      3.4677      3.4534        0.7833522731    0.1567060783E+00
        4        4        2      3.4677      3.4519        0.8212881404    0.1686019375E+00
        4        4        2      3.4677      3.4504        0.8589340288    0.1808473227E+00
        4        4        2      3.4677      3.4488        0.8962800405    0.1934360592E+00
        4        4        2      3.4677      3.4472        0.9333156903    0.2063616156E+00
        4        4        2      3.4677      3.4455        0.9700300320    0.2196169737E+00
        4        4        2      3.4677      3.4437        1.0064117604    0.2331945060E+00
        4        4        2      3.4677      3.4418        1.0424492952    0.2470858588E+00
        4        4        2      3.4677      3.4399        1.0781308527    0.2612818436E+00
        4        4        2      3.4677      3.4380        1.1134445091    0.2757723345E+00
        4        4        2      3.4677      3.4359        1.1483782574    0.2905461745E+00
        4        4        2      3.4677      3.4338        1.1829200605    0.3055910901E+00
        4        4        2      3.4677      3.4317        1.2170579017    0.3208936164E+00
        4        4        2      3.4677      3.4295        1.2507798332    0.3364390325E+00
        4        4        2      3.4677      3.4272        1.2840740248    0.3522113097E+00
        4        4        2      3.4677      3.4249        1.3169288112    0.3681930728E+00
        4        4        2      3.4677      3.4225        1.3493327404    0.3843655771E+00
        4        4        2      3.4677      3.4200        1.3812746217    0.4007087000E+00
        4        4        2      3.4677      3.4175        1.4127435742    0.4172009513E+00
        4        4        2      3.4677      3.4150        1.4437290758    0.4338195003E+00
        4        4        2      3.4677      3.4123        1.4742210120    0.4505402228E+00
        4        4        2      3.4677      3.4097        1.5042097246    0.4673377666E+00
        4        4        2      3.4677      3.4069        1.5336860595    0.4841856369E+00
        4        4        2      3.4677      3.4042        1.5626414145    0.5010563006E+00
        4        4        2      3.4677      3.4013        1.5910677845    0.5179213098E+00
        4        4        2      3.4677      3.3985        1.6189578052    0.5347514420E+00
        4        4        2      3.4677      3.3955        1.6463047950    0.5515168573E+00
        4        4        2      3.4677      3.3925        1.6731027924    0.5681872689E+00
        4        4        2      3.4677      3.3895        1.6993465912    0.5847321266E+00
        4        4        2      3.4677      3.3864        1.7250317706    0.6011208086E+00
        4        4        2      3.4677      3.3833        1.7501547209    0.6173228203E+00
        4        4        2      3.4677      3.3864        1.7250317706    0.6011208086E+00
        4        4        2      3.4677      3.3895        1.6993465912    0.5847321266E+00
        4        4        2      3.4677      3.3925        1.6731027924    0.5681872689E+00
        4        4        2      3.4677      3.3955        1.6463047950    0.5515168573E+00
        4        4        2      3.4677      3.3985        1.6189578052    0.5347514420E+00
        4        4        2      3.4677      3.4013        1.5910677845    0.5179213098E+00
        4        4        2      3.4677      3.4042        1.5626414145    0.5010563006E+00
        4        4        2      3.4677      3.4069        1.5336860595    0.4841856369E+00
        4        4        2      3.4677      3.4097        1.5042097246    0.4673377666E+00
        4        4        2      3.4677      3.4123        1.4742210120    0.4505402228E+00
        4        4        2      3.4677      3.4150        1.4437290758    0.4338195003E+00
        4        4        2      3.4677      3.4175        1.4127435742    0.4172009513E+00
        4        4        2      3.4677      3.4200        1.3812746217    0.4007087000E+00
        4        4        2      3.4677      3.4225        1.3493327404    0.3843655771E+00
        4        4        2      3.4677      3.4249        1.3169288112    0.3681930728E+00
        4        4        2      3.4677      3.4272        1.2840740248    0.3522113097E+00
        4        4        2      3.4677      3.4295        1.2507798332    0.3364390325E+00
        4        4        2      3.4677      3.4317        1.2170579017    0.3208936164E+00
        4        4        2      3.4677      3.4338        1.1829200605    0.3055910901E+00
        4        4        2      3.4677      3.4359        1.1483782574    0.2905461745E+00
        4        4        2      3.4677      3.4380        1.1134445091    0.2757723345E+00
        4        4        2      3.4677      3.4399        1.0781308527    0.2612818436E+00
        4        4        2      3.4677      3.4418        1.0424492952    0.2470858588E+00
        4        4        2      3.4677      3.4437        1.0064117604    0.2331945060E+00
        4        4        2      3.4677      3.4455        0.9700300320    0.2196169737E+00
        4        4        2      3.4677      3.4472        0.9333156903    0.2063616156E+00
        4        4        2      3.4677      3.4488        0.8962800405    0.1934360592E+00
        4        4        2      3.4677      3.4504        0.8589340288    0.1808473227E+00
        4        4        2      3.4677      3.4519        0.8212881404    0.1686019375E+00
        4        4        2      3.4677      3.4534        0.7833522731    0.1567060783E+00
        4        4        2      3.4677      3.4548        0.7451355767    0.1451656992E+00
        4        4        2      3.4677      3.4561        0.7066462409    0.1339866788E+00
        4        4        2      3.4677      3.4573        0.6678912132    0.1231749720E+00
        4        4        2      3.4677      3.4585        0.6288758094    0.1127367722E+00
        4        4        2      3.4677      3.4596        0.5896031668    0.1026786820E+00
        4        4        2      3.4677      3.4606        0.5500734550    0.9300789233E-01
        4        4        2      3.4677      3.4616        0.5102827062    0.8373236742E-01
        4        4        2      3.4677      3.4625        0.4702210262    0.7486102724E-01
        4        4        2      3.4677      3.4633        0.4298697615    0.6640391053E-01
        4        4        2      3.4677      3.4641        0.3891968235    0.5837228702E-01
        4        4        2      3.4677      3.4648        0.3481485744    0.5077866670E-01
        4        4        2      3.4677      3.4654        0.3066348486    0.4363664910E-01
        4        4        2      3.4677      3.4659        0.2644990233    0.3696068602E-01
        4        4        2      3.4677      3.4664        0.2214515119    0.2204386049E-01
        4        4        2      3.4677      3.4668        0.1808061486    0.1793343311E-01
        4        4        2      3.4677      3.4671        0.1446685720    0.2626000274E-02
        4        4        2      3.4677      3.4674        0.1084224880    0.1598529433E-02
        4        4        2      3.4677      3.4676        0.0720362702    0.7005921135E-03
        4        4        2      3.4677      3.4677        0.0352706410    0.8153957711E-04
        4        4        2      3.4677      3.4677       -0.0084832137    0.1843471725E+00
        4        4        2      3.4677      3.4676        0.0945227137    0.1853499333E-03
        4        4        2      3.4677      3.4671        0.1884447352    0.1310174701E-03
        4        4        2      3.4677      3.4664        0.2811798600    0.1069142465E-03
        4        4        2      3.4677      3.4655        0.3721534230    0.9251568204E-04
        4        4        2      3.4677      3.4642        0.4608264241    0.8266015639E-04
        4        4        2      3.4677      3.4627        0.5466924665    0.7535681327E-04
        4        4        2      3.4677      3.4610        0.6293023042    0.6965294972E-04
        4        4        2      3.4677      3.4589        0.7082632401    0.6502872071E-04
        4        4        2      3.4677      3.4566        0.7832542472    0.6117359095E-04
        4        4        2      3.4677      3.4541        0.8540377711    0.5788954156E-04
        4        4        2      3.4677      3.4513        0.9204546726    0.5504447186E-04
        4        4        2      3.4677      3.4482        0.9824357735    0.5254663997E-04
        4        4        2      3.4677      3.4449        1.0399893579    0.5033075131E-04
        4        4        2      3.4677      3.4414        1.0931978449    0.4834910950E-04
        4        4        2      3.4677      3.4377        1.1422097032    0.4656602373E-04
        4        4        2      3.4677      3.4338        1.1872197418    0.4495444127E-04
        4        4        2      3.4677      3.4296        1.2284629659    0.4349322708E-04
        4        4        2      3.4677      3.4253        1.2661945263    0.4216573255E-04
        4        4        2      3.4677      3.4207        1.3006841746    0.7426937264E+00
        4        4        2      3.4677      3.4160        1.3322011668    0.7980512334E+00
        4        4        2      3.4677      3.4111        1.3695382825    0.8536731026E+00
        4        4        2      3.4677      3.4061        1.4050795240    0.1286096230E+01
        4        4        2      3.4677      3.4009        1.4382635917    0.1364874082E+01
        4        4        2      3.4677      3.3956        1.4692400402    0.1443433448E+01
        4        4        2      3.4677      3.3901        1.4981543917    0.1521610173E+01
        4        4        2      3.4677      3.3845        1.5251506542    0.1599262710E+01
        4        4        2      3.4677      3.3788        1.5503657094    0.1676260267E+01
        4        4        2      3.4677      3.3730        1.5739299263    0.1752485894E+01
        4        4        2      3.4677      3.3671        1.5959675788    0.1827839472E+01
        4        4        2      3.4677      3.3612        1.6165933504    0.1902226458E+01
        4        4        2      3.4677      3.3551        1.6359155350    0.1975568348E+01
        4        4        2      3.4677      3.3490        1.6540332753    0.2047791903E+01
        4        4        2      3.4677      3.3429        1.6710380476    0.2118832790E+01
        4        4        2      3.4677      3.3367        1.6870148441    0.2188638956E+01
        4        4        2      3.4677      3.3304        1.7020403487    0.2257160742E+01
        4        4        2      3.4677      3.3241        1.7161858051    0.2324361059E+01
        4        4        2      3.4677      3.3178        1.7295151809    0.2390204585E+01
        4        4        2      3.4677      3.3115        1.7420877817    0.2454667614E+01
        4        4        2      3.4677      3.3052        1.7539568904    0.2517728887E+01
        4        4        2      3.4677      3.2989        1.7651710226    0.2579373116E+01
        4        4        2      3.4677      3.2926        1.7757749188    0.2639594034E+01
        4        4        2      3.4677      3.2864        1.7858084712    0.2698385909E+01
        4        4        2      3.4677      3.2801        1.7953087014    0.2755752332E+01
        4        4        2      3.4677      3.2739        1.8043085680    0.2811696914E+01
        4        4        2      3.4677      3.2677        1.8128387226    0.2866231620E+01
        4        4        2      3.4677      3.2615        1.8209265724    0.2919368878E+01
        4        4        2      3.4677      3.2554        1.8285970906    0.2971124490E+01
        4        4        2      3.4677      3.2493        1.8358734526    0.3021520058E+01
        4        4        2      3.4677      3.2432        1.8427762502    0.3070575769E+01
        4        4        2      3.4677      3.2372        1.8493247958    0.3118317647E+01
        4        4        2      3.4677      3.2313        1.8555363656    0.3164770563E+01
        4        4        2      3.4677      3.2254        1.8614267847    0.3209960744E+01
        4        4        2      3.4677      3.2195        1.8670108825    0.3253917845E+01
        4        4        2      3.4677      3.2137        1.8723018593    0.3296668611E+01
        4        4        2      3.4677      3.2079        1.8773122603    0.3338243193E+01
        4        4        2      3.4677      3.2022        1.8820532838    0.3378668284E+01
        4        4        2      3.4677      3.1966        1.8865356480    0.3417973107E+01
        4        4        2      3.4677      3.1910        1.8907690440    0.3456183658E+01
        4        4        2      3.4677      3.1855        1.8947625159    0.3493324807E+01
        4        4        2      3.4677      3.1800        1.8985247501    0.3529422053E+01
        4        4        2      3.4677      3.1745        1.9020636315    0.3564496379E+01
        4        4        2      3.4677      3.1691        1.9053868887    0.3598569535E+01
        4        4        2      3.4677      3.1638        1.9085016222    0.3631658511E+01
        4        4        2      3.4677      3.1585        1.9114148740    0.3663780567E+01
        4        4        2      3.4677      3.1532        1.9141332633    0.3694948665E+01
        4        4        2      3.4677      3.1480        1.9166632374    0.3725173344E+01
        4        4        2      3.4677      3.1428        1.9190112525    0.3754464309E+01
        4        4        2      3.4677      3.1376        1.9211834960    0.3782826425E+01
        4        4        2      3.4677      3.1325        1.9231862915    0.3810264174E+01
        4        4        2      3.4677      3.1275        1.9250258447    0.3836777866E+01
        4        4        2      3.4677      3.1225        1.9267084218    0.3862365390E+01
        4        4        2      3.4677      3.1175        1.9282404674    0.3887023660E+01
        4        4        2      3.4677      3.1125        1.9296284192    0.3910745345E+01
        4        4        2      3.4677      3.1076        1.9308789676    0.3933522716E+01
        4        4        2      3.4677      3.1027        1.9319988649    0.3955344148E+01
        4        4        2      3.4677      3.0978        1.9329951296    0.3976197687E+01
        4        4        2      3.4677      3.0930        1.9338748968    0.3996068220E+01
        4        4        2      3.4677      3.0882        1.9346454903    0.4014938912E+01
        4        4        2      3.4677      3.0835        1.9353144445    0.4032792306E+01
        4        4        2      3.4677      3.0787        1.9358893856    0.4049607985E+01
        4        4        2      3.4677      3.0740        1.9363781017    0.4065365396E+01
        4        4        2      3.4677      3.0694        1.9367884116    0.4080041438E+01
        4        4        2      3.4677      3.0647        1.9371281863    0.4093613016E+01
        4        4        2      3.4677      3.0602        1.9374052255    0.4106055238E+01
        4        4        2      3.4677      3.0556        1.9376272118    0.4117342613E+01
        4        4        2      3.4677      3.0511        1.9378016339    0.4127449955E+01
        4        4        2      3.4677      3.0466        1.9379356683    0.4136351444E+01
        4        4        2      3.4677      3.0422        1.9380361099    0.4144022923E+01
        4        4        2      3.4677      3.0378        1.9278743987    0.8631758924E-04
        4        4        2      3.4677      3.0334        1.8788674765    0.8758296122E-04
        4        4        2      3.4677      3.0291        1.8370594436    0.8871671865E-04
        4        4        2      3.4677      3.0249        1.8034010378    0.8968424745E-04
        4        4        2      3.4677      3.0207        1.7787111856    0.9045201040E-04
        4        4        2      3.4677      3.0165        1.7636272175    0.7041906167E-04
        4        4        2      3.4677      3.0124        1.7585528499    0.6965424278E-04
        4        4        2      3.4677      3.0161        1.7669343635    0.6492967350E-02
        4        4        2      3.4677      3.0194        1.7917320248    0.2901508663E-01
        4        4        2      3.4677      3.0224        1.8319535485    0.6505562060E-01
        4        4        2      3.4677      3.0250        1.8860897705    0.1206356004E+00
        4        4        2      3.4677      3.0272        1.9522751802    0.2277449520E+00
        4        4        2      3.4677      3.0291        2.0247291137    0.2935192764E+01
        4        4        2      3.4677      3.0306        2.0552016641    0.4134941625E+01
        4        4        2      3.4677      3.0317        2.0882758722    0.4123205971E+01
        4        4        2      3.4677      3.0325        2.1243035870    0.4108134857E+01
        4        4        2      3.4677      3.0329        2.1628704748    0.4088429931E+01
        4        4        2      3.4677      3.0329        2.2035769659    0.4057322890E+01
        4        4        2      3.4677      3.0326        2.2461565668    0.3985960145E+01
        4        4        2      3.4677      3.0319        2.2911518159    0.3669316306E+01
        4        4        2      3.4677      3.0309        2.3442318180    0.2046708342E+01
        4        4        2      3.4677      3.0295        2.4075748564    0.9468728849E+00
        4        4        2      3.4677      3.0278        2.4735562476    0.6687324752E+00
        4        4        2      3.4677      3.0258        2.5401425458    0.6234336973E+00
        4        4        2      3.4677      3.0234        2.6066741130    0.6554428487E+00
        4        4        2      3.4677      3.0207        2.6727145778    0.7169531262E+00
        4        4        2      3.4677      3.0178        2.7378884096    0.7929667977E+00
        4        4        2      3.4677      3.0145        2.8018354677    0.8797677795E+00
        4        4        2      3.4677      3.0110        2.8641840722    0.9785824285E+00
        4        4        2      3.4677      3.0072        2.9245230790    0.1094084912E+01
        4        4        2      3.4677      3.0031        2.9823660169    0.1234473537E+01
        4        4        2      3.4677      2.9988        3.0371065178    0.1411392649E+01
        4        4        2      3.4677      2.9943        3.0879808396    0.1637109359E+01
        4        4        2      3.4677      2.9895        3.1340959300    0.1915267302E+01
        4        4        2      3.4677      2.9846        3.1746277363    0.2227040497E+01
        4        4        2      3.4677      2.9794        3.2091917744    0.2530440422E+01
        4        4        2      3.4677      2.9741        3.2380721982    0.2785463945E+01
        4        4        2      3.4677      2.9687        3.2620169638    0.2976684022E+01
        4        4        2      3.4677      2.9631        3.2818403780    0.3108836677E+01
        4        4        2      3.4677      2.9574        3.2981919199    0.3192346797E+01
        4        4        2      3.4677      2.9515        3.3115219550    0.3235398771E+01
        4        4        2      3.4677      2.9456        3.3221302461    0.3242510001E+01
        4        4        2      3.4677      2.9396        3.3302260166    0.3215771993E+01
        4        4        2      3.4677      2.9335        3.3359773224    0.3156683676E+01
        4        4        2      3.4677      2.9274        3.3395452820    0.3067687489E+01
        4        4        2      3.4677      2.9213        3.3411023758    0.2952917204E+01
        4        4        2      3.4677      2.9151        3.3408359664    0.2818011270E+01
        4        4        2      3.4677      2.9089        3.3389411633    0.2669286472E+01
        4        4        2      3.4677      2.9027        3.3356091113    0.2512806505E+01
        4        4        2      3.4677      2.8966        3.3310160305    0.2353753225E+01
        4        4        2      3.4677      2.8904        3.3253157608    0.2196206671E+01
        4        4        2      3.4677      2.8843        3.3186361145    0.2043224757E+01
        4        4        2      3.4677      2.8783        3.3110780719    0.1897060812E+01
        4        4        2      3.4677      2.8723        3.3027166381    0.1759399532E+01
        4        4        2      3.4677      2.8664        3.2936024773    0.1631551960E+01
        4        4        2      3.4677      2.8605        3.2837638313    0.1514592953E+01
        4        4        2      3.4677      2.8547        3.2732085313    0.1409446971E+01
        4        4        2      3.4677      2.8490        3.2619260992    0.1316936832E+01
        4        4        2      3.4677      2.8434        3.2498900051    0.1237811346E+01
        4        4        2      3.4677      2.8379        3.2370601648    0.1172764565E+01
        4        4        2      3.4677      2.8325        3.2233857189    0.1122452566E+01
        4        4        2      3.4677      2.8272        3.2088080803    0.1087504397E+01
        4        4        2      3.4677      2.8220        3.1932641736    0.1068515273E+01
        4        4        2      3.4677      2.8169        3.1766897218    0.1066007204E+01
        4        4        2      3.4677      2.8119        3.1590223745    0.1080348650E+01
        4        4        2      3.4677      2.8070        3.1402043890    0.1111637380E+01
        4        4        2      3.4677      2.8022        3.1201844634    0.1159558336E+01
        4        4        2      3.4677      2.7975        3.0989181346    0.1223219493E+01
        4        4        2      3.4677      2.7929        3.0763658892    0.1300942299E+01
        4        4        2      3.4677      2.7884        3.0524878240    0.1389953106E+01
        4        4        2      3.4677      2.7840        3.0272336072    0.1485916302E+01
        4        4        2      3.4677      2.7797        3.0005274029    0.1582324709E+01
        4        4        2      3.4677      2.7755        2.9722509137    0.1670026358E+01
        4        4        2      3.4677      2.7713        2.9422351281    0.1737692865E+01
        4        4        2      3.4677      2.7673        2.9102788439    0.1774384527E+01
        4        4        2      3.4677      2.7633        2.8762042905    0.1774132501E+01
        4        4        2      3.4677      2.7593        2.8399265558    0.1739399052E+01
        4        4        2      3.4677      2.7554        2.8014877700    0.1679802699E+01
        4        4        2      3.4677      2.7516        2.7610355872    0.1607257099E+01
        4        4        2      3.4677      2.7478        2.7187744082    0.1531862306E+01
        4        4        2      3.4677      2.7441        2.6749246730    0.1460502150E+01
        4        4        2      3.4677      2.7404        2.6297017597    0.1397218192E+01
        4        4        2      3.4677      2.7367        2.5833094297    0.1344051942E+01
        4        4        2      3.4677      2.7330        2.5359403317    0.1301750530E+01
        4        4        2      3.4677      2.7293        2.4877789293    0.1270234910E+01
        4        4        2      3.4677      2.7257        2.4390048566    0.1248896538E+01
        4        4        2      3.4677      2.7220        2.3897961109    0.1236798271E+01
        4        4        2      3.4677      2.7183        2.3403320478    0.1232825436E+01
        4        4        2      3.4677      2.7146        2.2907963120    0.1235805977E+01
        4        4        2      3.4677      2.7108        2.2413798271    0.1244603571E+01
        4        4        2      3.4677      2.7070        2.1922839142    0.1258182625E+01
        4        4        2      3.4677      2.7032        2.1437235262    0.1275644722E+01
        4        4        2      3.4677      2.6992        2.0959305113    0.1296238460E+01
        4        4        2      3.4677      2.6953        2.0491567381    0.1319346770E+01
        4        4        2      3.4677      2.6912        2.0036768458    0.1344456981E+01
        4        4        2      3.4677      2.6871        1.9597903123    0.1371119468E+01
        4        4        2      3.4677      2.6828        1.9178224717    0.1398900864E+01
        4        4        2      3.4677      2.6785        1.8781240579    0.1427337955E+01
        4        4        2      3.4677      2.6740        1.8410688054    0.1455898362E+01
        4        4        2      3.4677      2.6695        1.8070486218    0.1483953900E+01
        4        4        2      3.4677      2.6648        1.7764658712    0.1510771903E+01
        4        4        2      3.4677      2.6600        1.7497224298    0.1521907653E+01
        4        4        2      3.4677      2.6550        1.7272054375    0.1548528265E+01
        4        4        2      3.4677      2.6499        1.7092701408    0.1570172609E+01
        4        4        2      3.4677      2.6447        1.6962209041    0.1586173100E+01
        4        4        2      3.4677      2.6394        1.6882922529    0.1595999074E+01
        4        4        2      3.4677      2.6339        1.6856324503    0.1599303337E+01
        4        4        2      3.4677      2.6395        1.6876809671    0.1596658464E+01
        4        4        2      3.4677      2.6452        1.6938034307    0.1588760809E+01
        4        4        2      3.4677      2.6511        1.7039314429    0.1575801736E+01
        4        4        2      3.4677      2.6571        1.7179537992    0.1558076808E+01
        4        4        2      3.4677      2.6632        1.7357204027    0.1535984967E+01
        4        4        2      3.4677      2.6694        1.7570472414    0.1510018156E+01
        4        4        2      3.4677      2.6758        1.7817220187    0.1435142812E+01
        4        4        2      3.4677      2.6823        1.8095100262    0.1394527268E+01
        4        4        2      3.4677      2.6889        1.8401598869    0.1353848101E+01
        4        4        2      3.4677      2.6957        1.8734088746    0.1315197905E+01
        4        4        2      3.4677      2.7026        1.9089876082    0.1280974679E+01
        4        4        2      3.4677      2.7097        1.9466240123    0.1253853360E+01
        4        4        2      3.4677      2.7169        1.9860465222    0.1236693724E+01
        4        4        2      3.4677      2.7242        2.0269865756    0.1232361964E+01
        4        4        2      3.4677      2.7317        2.0691804862    0.1243468559E+01
        4        4        2      3.4677      2.7393        2.1123708237    0.1272069425E+01
        4        4        2      3.4677      2.7471        2.1563074430    0.1319416873E+01
        4        4        2      3.4677      2.7550        2.2007483125    0.1385844586E+01
        4        4        2      3.4677      2.7630        2.2454602807    0.1470815520E+01
        4        4        2      3.4677      2.7713        2.2902199116    0.1573090461E+01
        4        4        2      3.4677      2.7796        2.3348144897    0.1690939094E+01
        4        4        2      3.4677      2.7881        2.3790432582    0.1822328869E+01
        4        4        2      3.4677      2.7968        2.4227189061    0.1965064386E+01
        4        4        2      3.4677      2.8056        2.4656692569    0.1497253689E+01
        4        4        2      3.4677      2.8145        2.4674843042    0.5173869152E-01
        4        4        2      3.4677      2.8236        2.4639604265    0.5497864824E-01
        4        4        2      3.4677      2.8328        2.4602086768    0.5817714355E-01
        4        4        2      3.4677      2.8421        2.4562215790    0.6132046143E-01
        4        4        2      3.4677      2.8516        2.4519915227    0.6439551448E-01
        4        4        2      3.4677      2.8612        2.4475107342    0.6738985612E-01
        4        4        2      3.4677      2.8709        2.4427712450    0.7029168992E-01
        4        4        2      3.4677      2.8808        2.4377648584    0.7308987691E-01
        4        4        2      3.4677      2.8907        2.4324831143    0.7577394191E-01
        4        4        2      3.4677      2.9008        2.4269172518    0.7833407953E-01
        4        4        2      3.4677      2.9110        2.4210581703    0.8076116100E-01
        4        4        2      3.4677      2.9213        2.4148963880    0.2029832068E+00
        4        4        2      3.4677      2.9317        2.4190905182    0.3132458115E+00
        4        4        2      3.4677      2.9422        2.4258413255    0.3500867368E+00
        4        4        2      3.4677      2.9527        2.4319168247    0.3853952330E+00
        4        4        2      3.4677      2.9634        2.4373339806    0.4192839163E+00
        4        4        2      3.4677      2.9741        2.4421045743    0.4518676396E+00
        4        4        2      3.4677      2.9850        2.4462356698    0.4832526981E+00
        4        4        2      3.4677      2.9958        2.4497299977    0.5135321952E+00
        4        4        2      3.4677      3.0068        2.4525862589    0.5427843426E+00
        4        4        2      3.4677      3.0178        2.4547993557    0.5710721811E+00
        4        4        2      3.4677      3.0289        2.4563605533    0.5984439709E+00
        4        4        2      3.4677      3.0400        2.4572575773    0.6249338617E+00
        4        4        2      3.4677      3.0511        2.4574746512    0.6505626370E+00
        4        4        2      3.4677      3.0623        2.4569924776    0.6753384249E+00
        4        4        2      3.4677      3.0735        2.4557881645    0.6992573195E+00
        4        4        2      3.4677      3.0848        2.4538350986    0.7223038861E+00
        4        4        2      3.4677      3.0960        2.4511027673    0.7444515421E+00
        4        4        2      3.4677      3.1073        2.4475565286    0.7656628137E+00
        4        4        2      3.4677      3.1185        2.4431573311    0.7858894759E+00
        4        4        2      3.4677      3.1298        2.4378613825    0.8050725873E+00
        4        4        2      3.4677      3.1410        2.4316197692    0.8231424366E+00
        4        4        2      3.4677      3.1523        2.4243780282    0.8400184228E+00
        4        4        2      3.4677      3.1635        2.4160756758    0.8556088971E+00
        4        4        2      3.4677      3.1746        2.4066456988    0.8698110042E+00
        4        4        2      3.4677      3.1857        2.3960140186    0.8825105734E+00
        4        4        2      3.4677      3.1968        2.3840989440    0.8935821239E+00
        4        4        2      3.4677      3.2078        2.3708106334    0.9028890688E+00
        4        4        2      3.4677      3.2187        2.3560505971    0.9102842260E+00
        4        4        2      3.4677      3.2296        2.3397112813    0.9156107697E+00
        4        4        2      3.4677      3.2404        2.3216757840    0.9187037831E+00
        4        4        2      3.4677      3.2510        2.3018177723    0.9193925990E+00
        4        4        2      3.4677      3.2616        2.2800016763    0.9175041287E+00
        4        4        2      3.4677      3.2720        2.2560832555    0.9128673783E+00
        4        4        2      3.4677      3.2823        2.2299106319    0.9053193193E+00
        4        4        2      3.4677      3.2925        2.2013258915    0.8947122035E+00
        4        4        2      3.4677      3.3025        2.1701673356    0.8809222803E+00
        4        4        2      3.4677      3.3123        2.1362724371    0.8638596794E+00
        4        4        2      3.4677      3.3220        2.0994815044    0.8434789656E+00
        4        4        2      3.4677      3.3314        2.0596419835    0.8197895888E+00
        4        4        2      3.4677      3.3407        2.0166132433    0.7928651803E+00
        4        4        2      3.4677      3.3497        1.9702715958    0.7628504699E+00
        4        4        2      3.4677      3.3585        1.9205152209    0.7299645832E+00
        4        4        2      3.4677      3.3670        1.8672686182    0.6944997051E+00
        4        4        2      3.4677      3.3753        1.8104862032    0.6568145592E+00
        4        4        2      3.4677      3.3833        1.7501547209    0.6173228203E+00
        4        4        2      3.4677      3.3910        1.6862942617    0.5764773065E+00
        4        4        2      3.4677      3.3985        1.6189578052    0.5347514420E+00
        4        4        2      3.4677      3.4056        1.5482293744    0.4926198777E+00
        4        4        2      3.4677      3.4123        1.4742210120    0.4505402228E+00
        4        4        2      3.4677      3.4188        1.3970688807    0.4089375805E+00
        4        4        2      3.4677      3.4249        1.3169288112    0.3681930728E+00
        4        4        2      3.4677      3.4306        1.2339715988    0.3286369339E+00
        4        4        2      3.4677      3.4359        1.1483782574    0.2905461745E+00
        4        4        2      3.4677      3.4409        1.0603353137    0.2541463820E+00
        4        4        2      3.4677      3.4455        0.9700300320    0.2196169737E+00
        4        4        2      3.4677      3.4496        0.8776451625    0.1870991703E+00
        4        4        2      3.4677      3.4534        0.7833522731    0.1567060783E+00
        4        4        2      3.4677      3.4567        0.6873015626    0.1285345316E+00
        4        4        2      3.4677      3.4596        0.5896031668    0.1026786820E+00
        4        4        2      3.4677      3.4621        0.4902866501    0.7924557471E-01
        4        4        2      3.4677      3.4641        0.3891968235    0.5837228702E-01
        4        4        2      3.4677      3.4657        0.2856584728    0.4023947423E-01
        4        4        2      3.4677      3.4668        0.1808061486    0.1793343311E-01
        4        4        2      3.4677      3.4675        0.0902520416    0.1132976499E-02
        4        4        2      3.4677      3.4677       -0.0084832137    0.1843471725E+00
        4        4        2      3.4677      3.4675        0.1007951659    0.4513440919E-02
        4        4        2      3.4677      3.4669        0.2017946638    0.1129597204E-01
        4        4        2      3.4677      3.4658        0.3030540658    0.3187619009E-02
        4        4        2      3.4677      3.4644        0.4036826857    0.2079960167E-02
        4        4        2      3.4677      3.4626        0.5032960154    0.4565757196E-02
        4        4        2      3.4677      3.4603        0.6017963759    0.7689824314E-02
        4        4        2      3.4677      3.4577        0.6990005198    0.1118312578E-01
        4        4        2      3.4677      3.4546        0.7947054669    0.2061614091E-01
        4        4        2      3.4677      3.4512        0.8887017637    0.2648745129E-01
        4        4        2      3.4677      3.4474        0.9807781561    0.3284568497E-01
        4        4        2      3.4677      3.4432        1.0707243753    0.3963034994E-01
        4        4        2      3.4677      3.4387        1.1583336375    0.4674438468E-01
        4        4        2      3.4677      3.4338        1.2434053573    0.5405281952E-01
        4        4        2      3.4677      3.4285        1.3257482488    0.6138264722E-01
        4        4        2      3.4677      3.4229        1.4051838366    0.6852482545E-01
        4        4        2      3.4677      3.4170        1.4815503079    0.7523926163E-01
        4        4        2      3.4677      3.4108        1.5547065435    0.8126341514E-01
        4        4        2      3.4677      3.4042        1.6245360894    0.8632477188E-01
        4        4        2      3.4677      3.3974        1.6909507628    0.9015694375E-01
        4        4        2      3.4677      3.3903        1.7538935553    0.9251864903E-01
        4        4        2      3.4677      3.3829        1.8133405091    0.9321455701E-01
        4        4        2      3.4677      3.3753        1.8693013094    0.9211722575E-01
        4        4        2      3.4677      3.3674        1.9218184572    0.8919050365E-01
        4        4        2      3.4677      3.3592        1.9709650351    0.8451735651E-01
        4        4        2      3.4677      3.3509        2.0168412350    0.7834004483E-01
        4        4        2      3.4677      3.3423        2.0595699439    0.7112904894E-01
        4        4        2      3.4677      3.3335        2.0992917617    0.6370641330E-01
        4        4        2      3.4677      3.3246        2.1361598409    0.5742806616E-01
        4        4        2      3.4677      3.3154        2.1703349027    0.5425065770E-01
        4        4        2      3.4677      3.3061        2.2019807035    0.5612301348E-01
        4        4        2      3.4677      3.2967        2.2312601352    0.6367699526E-01
        4        4        2      3.4677      3.2870        2.2583320458    0.7595372541E-01
        4        4        2      3.4677      3.2773        2.2833487891    0.9150621028E-01
        4        4        2      3.4677      3.2674        2.3064544534    0.1091666419E+00
        4        4        2      3.4677      3.2574        2.3277836822    0.1281360839E+00
        4        4        2      3.4677      3.2473        2.3474609844    0.1478719492E+00
        4        4        2      3.4677      3.2371        2.3656004272    0.1679880879E+00
        4        4        2      3.4677      3.2268        2.3823056109    0.1881933736E+00
        4        4        2      3.4677      3.2165        2.3976698391    0.2082562204E+00
        4        4        2      3.4677      3.2060        2.4117764088    0.2279835170E+00
        4        4        2      3.4677      3.1955        2.4246989608    0.2472072868E+00
        4        4        2      3.4677      3.1849        2.4365018416    0.2657755189E+00
        4        4        2      3.4677      3.1743        2.4472404394    0.2835452899E+00
        4        4        2      3.4677      3.1637        2.4569614659    0.3003771524E+00
        4        4        2      3.4677      3.1530        2.4657031588    0.3161302027E+00
        4        4        2      3.4677      3.1423        2.4734953913    0.3306574741E+00
        4        4        2      3.4677      3.1315        2.4803596722    0.3438014368E+00
        4        4        2      3.4677      3.1208        2.4863090309    0.3553894725E+00
        4        4        2      3.4677      3.1100        2.4913477836    0.3652292776E+00
        4        4        2      3.4677      3.0993        2.4954711869    0.3731042454E+00
        4        4        2      3.4677      3.0885        2.4986649960    0.3787690154E+00
        4        4        2      3.4677      3.0778        2.5009049672    0.3819455802E+00
        4        4        2      3.4677      3.0670        2.5021563703    0.3823206308E+00
        4        4        2      3.4677      3.0563        2.5023736188    0.3795452205E+00
        4        4        2      3.4677      3.0456        2.5015001813    0.3732383276E+00
        4        4        2      3.4677      3.0350        2.4994690006    0.3629964676E+00
        4        4        2      3.4677      3.0244        2.4962037077    0.3484120150E+00
        4        4        2      3.4677      3.0138        2.4916209569    0.3291032231E+00
        4        4        2      3.4677      3.0033        2.4856341743    0.3047590656E+00
        4        4        2      3.4677      2.9929        2.4781588675    0.2752028438E+00
        4        4        2      3.4677      2.9825        2.4691193452    0.2404839122E+00
        4        4        2      3.4677      2.9722        2.4584562701    0.2010316832E+00
        4        4        2      3.4677      2.9619        2.4471830780    0.1268721559E+00
        4        4        2      3.4677      2.9517        2.4511210369    0.8376145082E-01
        4        4        2      3.4677      2.9416        2.4548286524    0.8238756858E-01
        4        4        2      3.4677      2.9316        2.4583150150    0.8088277312E-01
        4        4        2      3.4677      2.9217        2.4615885941    0.7924886655E-01
        4        4        2      3.4677      2.9118        2.4646572797    0.7748812241E-01
        4        4        2      3.4677      2.9021        2.4675284200    0.7560332732E-01
        4        4        2      3.4677      2.8925        2.4702088556    0.7359781908E-01
        4        4        2      3.4677      2.8829        2.4727049529    0.7147552106E-01
        4        4        2      3.4677      2.8735        2.4750226350    0.6924097306E-01
        4        4        2      3.4677      2.8642        2.4771674136    0.6689935876E-01
        4        4        2      3.4677      2.8550        2.4791444211    0.6445653014E-01
        4        4        2      3.4677      2.8459        2.4809584467    0.6191902930E-01
        4        4        2      3.4677      2.8370        2.4826139753    0.5929410796E-01
        4        4        2      3.4677      2.8281        2.4841152342    0.5658974523E-01
        4        4        2      3.4677      2.8194        2.4854662475    0.5381466383E-01
        4        4        2      3.4677      2.8108        2.4588174827    0.1830410171E+01
        4        4        2      3.4677      2.8024        2.4130802025    0.1822417530E+01
        4        4        2      3.4677      2.7940        2.3669059274    0.1813537268E+01
        4        4        2      3.4677      2.7858        2.3204137899    0.1804345318E+01
        4        4        2      3.4677      2.7778        2.2737475826    0.1795389760E+01
        4        4        2      3.4677      2.7698        2.2270793993    0.1787170654E+01
        4        4        2      3.4677      2.7620        2.1806128844    0.1780120566E+01
        4        4        2      3.4677      2.7544        2.1345857613    0.1774586809E+01
        4        4        2      3.4677      2.7468        2.0892713052    0.1770816662E+01
        4        4        2      3.4677      2.7394        2.0449784480    0.1768946902E+01
        4        4        2      3.4677      2.7321        2.0020502519    0.1768998731E+01
        4        4        2      3.4677      2.7250        1.9608605520    0.1770878798E+01
        4        4        2      3.4677      2.7179        1.9218086387    0.1774386466E+01
        4        4        2      3.4677      2.7110        1.8853119247    0.1779227055E+01
        4        4        2      3.4677      2.7042        1.8517966242    0.1785030360E+01
        4        4        2      3.4677      2.6976        1.8216865762    0.1791373560E+01
        4        4        2      3.4677      2.6910        1.7953904872    0.1797807457E+01
        4        4        2      3.4677      2.6846        1.7732880499    0.1803884841E+01
        4        4        2      3.4677      2.6783        1.7557156131    0.1809189789E+01
        4        4        2      3.4677      2.6721        1.7429522873    0.1810079546E+01
        4        4        2      3.4677      2.6661        1.7352075258    0.1815414962E+01
        4        4        2      3.4677      2.6601        1.7326112576    0.1817222725E+01
